








<!DOCTYPE html>





<html xmlns="http://www.w3.org/1999/xhtml" dir="ltr">
    


<head>
    <meta charset="UTF-8" />
    <title>
    	
    		
    		
    			SAS&reg; Logon Manager
    		
    	
    </title>
    <link type="text/css" rel="stylesheet" href="themes/default/css/bootstrap.css" />
    <link type="text/css" rel="stylesheet" href="themes/default/css/sas.css" />
</head>



<body id="cas">
	<div id="page">
		

<div class="banner row">
    <div class="about">
        <ul class="unstyled"><li>
            <a href="#about-modal" data-toggle="modal">
                About
            </a>
        </li></ul>
    </div>
    <div id="about-modal" class="modal hide fade">
        <div class="modal-header">
            <a href="#" class="close" data-dismiss="modal">&times;</a>
            <h3>About</h3>
        </div>
        <div class="modal-body">
            <p>Version: 9.4</p>
            <h4>Copyright Information</h4>
            <p align="center">
Copyright (c) 2002 - 2013 by SAS Institute Inc., Cary, NC, USA<br/>
All rights reserved.<br/>
<br/>
This software is protected by copyright laws and international treaties.<br/>
<br/>
U.S. GOVERNMENT RESTRICTED RIGHTS<br/>
Use, duplication, or disclosure of this software and related<br/>
documentation by the U.S. government is subject to the<br/>
Agreement with SAS Institute and the restrictions set forth<br/>
in FAR 52.227-19, Commercial Computer Software<br/>
- Restricted Rights (June 1987).
            </p>
        </div>
    </div>
    <div class="header">
        <div class="title">
        	<h1>
        		
		    		
		    		
		    			Sign In to SAS<sup>&reg;</sup>
		    		
    			
        	</h1>
       	</div>
        <div class="logo"><img src="themes/default/images/logo.png" /></div>
    </div>
</div>


		<div class="content row">
			
                <form id="fm1" class="form-stacked" onSubmit="return setSubmitUrl(this);" action="/SASLogon/login;1fc2dae290ceccd1789c0e0db17caeed_Cluster1=1DED5A22EF581935B060C82D88BFA481.1fc2dae290ceccd1789c0e0db17caeed_SASServer1_1?service=http://edsight.ct.gov/SASStoredProcess/j_spring_cas_security_check" method="post">
				<fieldset>
					
					
					
                        <legend>Sign In to SAS<sup>&reg;</sup></legend>
					<div class="clearfix">
                            <label for="username"><span class="accesskey">U</span>ser ID:</label>
						
							
							
                                    
                                    <input id="username" name="username" class="required" tabindex="1" accesskey="u" type="text" value="" size="25" autocomplete="off"/>
							
						
					</div>
					<div class="clearfix">
                            <label for="password"><span class="accesskey">P</span>assword:</label>
						
                            
                            <input id="password" name="password" class="required" tabindex="2" accesskey="p" type="password" value="" size="25" autocomplete="off"/>
					</div>
				</fieldset>
				<input type="hidden" name="lt" value="LT-8711-fgqDHrWwvG1pWeuAUbhmlypzAErX5K" />
				<input type="hidden" name="execution" value="e1s1" />
				<input type="hidden" name="_eventId" value="submit" />
                    <div class="submitb"><input id="Logon" type="submit" value="Sign In" onClick="this.disabled=true;this.form.submit();" tabindex="3" /></div>
			</form>
			
				<div class="customizations" id="custom-logon-message">
                  	


<p>

</p>


 
 
				</div>
			

			<div class="copyright">
				Copyright &copy; 2002 - 2013 by SAS Institute Inc., Cary, NC USA
			</div>
		</div>
	</div>
	
<script type="text/javascript" src="/SASLogon/js/jquery.js;1fc2dae290ceccd1789c0e0db17caeed_Cluster1=1DED5A22EF581935B060C82D88BFA481.1fc2dae290ceccd1789c0e0db17caeed_SASServer1_1"></script>
<script type="text/javascript" src="/SASLogon/js/bootstrap-modal.js;1fc2dae290ceccd1789c0e0db17caeed_Cluster1=1DED5A22EF581935B060C82D88BFA481.1fc2dae290ceccd1789c0e0db17caeed_SASServer1_1"></script>

	<script type="text/javascript">
            $("#username").focus();
            
            function setSubmitUrl(form)
            {
            	var urlHash = decodeURIComponent(window.location.hash);
            	
            	if (urlHash && urlHash.indexOf("#") === -1)
            		urlHash = "#" + urlHash;
            	
            	form.action = form.action + urlHash;
            	return true;
            }
    </script>
</body>

</html>



