"Physical Fitness Tests: Students Reaching Health Standard, 2008-09"
"State of Connecticut, Push Up"
"Notes:"
"The Connecticut Physical Fitness Assessment (CPFA) is administered to all students in Grades 4, 6, 8 and 10."
"Only students assessed in all four areas are included in this calculation."

<h1>Stored Process Error</h1><h3>This request completed with errors.</h3>
<script type="text/javascript">/*<![CDATA[*/
function SAS_toggleLog() {
  var button, content, SASLogDisplay;
  button        = document.getElementById("SASLogbutton");
  content       = document.getElementById("SASLog");
  SASLogDisplay = content.style.display;
  if (SASLogDisplay == "none") {
    content.style.display = "inline";
    button.value="Hide SAS Log";
  }
  else {
    content.style.display = "none";
    button.value="Show SAS Log";
  }
}
/*]]>*/</script>
<form>
  <input id="SASLogbutton" class="button" type="button" onclick="SAS_toggleLog();" value="Show SAS Log" />
</form>
<div id="SASLog" style="display:none; text-align:left;">
<h2>SAS Log</h2>
<pre>1                                                                                                                        The SAS System                                                                                            17:00 Tuesday, April 11, 2017

<font color=blue>NOTE: Copyright (c) 2002-2012 by SAS Institute Inc., Cary, NC, USA. 
NOTE: SAS (r) Proprietary Software 9.4 (TS1M2) 
      Licensed to CT DEPARTMENT OF EDUCATION, Site 70085034.
NOTE: This session is executing on the X64_DSRV12  platform.
</font>


<font color=blue>NOTE: Updated analytical products:
      
      SAS/STAT 13.2

NOTE: Additional host information:

 X64_DSRV12 WIN 6.2.9200  Server

NOTE: SAS Initialization used (Total process time):
      real time           0.00 seconds
      cpu time            0.00 seconds
      
NOTE: The autoexec file, D:\SASConfig94\Lev1\SASApp\StoredProcessServer\autoexec.sas, was executed at server initialization.
</font>
&gt;&gt;&gt; SAS Macro Variables:

 ARMLOG=StoredProcessServer/PerfLogs/arm_sassrv_08APR17x14x41x07_4792.log
 CURRENTTIME=08APR17:14:41:07
 SERVERCLASS=StoredProcessServer
 _APSLIST=_srvname,_rmthost,_htcook,_username,_srvport,_reqmeth,_subgroup,_htua,_grade,_grafloc,_version,_year,_url,_rmtaddr,_reqencoding,_district,_userlocale,_program,_result,_metaperson,_metau
     ser,_metafolder,_client,_SECUREUSERNAME
 _CLIENT=StoredProcessService 9.4; JVM 1.7.0_51; Windows Server 2012 (amd64) 6.2
 _DISTRICT=State of Connecticut
 _GRADE=All Grades Combined
 _GRAFLOC=/sasweb/graph
 _HTCOOK=1fc2dae290ceccd1789c0e0db17caeed_Cluster1=095D6C0833F54EE828EEE595DEECB1D9.1fc2dae290ceccd1789c0e0db17caeed_SASServer1_1
 _HTUA=Mozilla/5.0 (Macintosh; Intel Mac OS X 10_10_5) AppleWebKit/537.36 (KHTML, like Gecko) Chrome/45.0.2454.101 Safari/537.36
 _METAFOLDER=/CTDOE/EdSight/Release/Reporting/Public/Reports/StoredProcesses/
 _METAPERSON=EdSightPublic
 _METAUSER=EdSightPublic@sdemeta.sys.services.ct.gov
 _PROGRAM=/CTDOE/EdSight/Release/Reporting/Public/Reports/StoredProcesses/PhysicalFitnessTestExport
 _REPLAY="&amp;_URL?_sessionid=493641D5-12DD-4E10-905D-BCC20FFC6538&amp;_program=replay&amp;_entry=&amp;_TMPCAT.."
 _REQENCODING=UTF-8
 _REQMETH=GET
 _RESULT=STREAM
 _RMTADDR=159.247.74.160
 _RMTHOST=159.247.74.160
 _SECUREUSERNAME=EdSightPublic
 _SRVNAME=edsight.ct.gov
 _SRVPORT=80
 _SUBGROUP=Push Up
 _TMPCAT=APSWORK.TCAT029D
 _URL=/SASStoredProcess/do
 _USERLOCALE=en_US
 _USERNAME=EdSightPublic
 _VERSION=Version 9.4 (Build 506)
 _YEAR=2008-09

<font color=blue>NOTE: %INCLUDE (level 1) file SASEnvironment/SASMacro/apm_request_init.sas is file D:\SASConfig94\Lev1\SASApp\SASEnvironment\SASMacro\apm_request_init.sas.
</font>3         +/***************************************************/
4         +/* Copyright (c) 2014 SAS Institute Inc.           */
5         +/* SAS Campus Drive, Cary, NC, USA                 */
6         +/* All Rights Reserved                             */
7         +/***************************************************/
8         +
9         +%macro apm_request_init;
10        +
11        +/*
12        + *  Define the execution of the ARM to specific userid versus "sas server" userid.
13        + */
14        +
15        +%global _armexec;
16        +
17        +%let _armexec=1;
18        +
19        +%let clientname = %scan(%sysfunc(getoption(METAUSER)),1,'@');
20        +
21        +%if "&amp;serverClass"="StoredProcessServer" %then %do;
22        +    %let txtvalue=STOREDPROCESS;
23        +    %let pgmvalue=&amp;_program.;
24        +    %end;
25        +%else %do;
26        +    %let txtvalue=PLWK_SESSION;
27        +    %let pgmvalue=PooledWorkspaceServer;
28        +    %end;
29        +
30        +%ARMINIT(appname="&amp;pgmvalue.",appuser="&amp;clientname.",maconly=yes);
31        +
32        +%ARMSTRT(getid=yes,maconly=yes,txnname="&amp;txtvalue.");
33        +
34        +%mend;
35        +
36        +%apm_request_init;
<font color=blue>NOTE: %INCLUDE (level 1) ending.
</font>37         *  Begin EG generated code (do not edit this line);
38         *
                                                                                          The SAS System

39         *  Stored process registered by
40         *  Enterprise Guide Stored Process Manager V6.1
41         *
42         *  ====================================================================
43         *  Stored process name: PhysicalFitnessTestExport
44         *
45         *  Description: release 1.8
46         *  ====================================================================
47         *;
48         
49         
50         *ProcessBody;
51         
52         *  End EG generated code (do not edit this line);
53         
54         
55         *ProcessBody;
56         
57         data _null_;
58         rc = stpsrv_header('Content-type','application/vnd.ms-excel');
59         rc = stpsrv_header('Content-disposition','attachment; filename=physicalfitness.csv');
60         run;
<font color=blue>
NOTE: DATA statement used (Total process time):
      real time           0.00 seconds
      cpu time            0.00 seconds
      

</font>61         
62         %let _odsdest=csv;
63         
64         %stpbegin;
65         
66         option mrecall;
67         
68         %include 'G:\SASData\CTDOE\EdSight\Release\public\code\_admin\set_environment.sas';
<font color=blue>NOTE: %INCLUDE (level 1) file G:\SASData\CTDOE\EdSight\Release\public\code\_admin\set_environment.sas is file G:\SASData\CTDOE\EdSight\Release\public\code\_admin\set_environment.sas.
</font>69        +
                                                                                          The SAS System

70        +/* environment paths */
71        +%let sasenv = D:\SASConfig94\Lev1\SASApp\SASEnvironment;
72        +/*%let sasenv = G:\SASConfig94\Lev1\SASApp\SASEnvironment;*/
73        +
74        +/* Uncomment below for DEV, comment out below for REL */
75        +/*%let projpath = G:\SASData\CTDOE\EdSight\Development\public;*/
76        +/* Uncomment below for REL, comment out below for DEV */
77        +%let projpath = G:\SASData\CTDOE\EdSight\Release\public;
78        +
79        +
80        +/* assign system format and macro libraries */
81        +libname fmtlib "&amp;sasenv\SASFormats";
<font color=blue>NOTE: Libref FMTLIB was successfully assigned as follows: 
      Engine:        V9 
      Physical Name: D:\SASConfig94\Lev1\SASApp\SASEnvironment\SASFormats
</font>82        +options
83        +   fmtsearch=(fmtlib)
84        +   mautosource sasautos=("&amp;sasenv\SASMacro" SASAUTOS)
85        +   ;
86        +
87        +
<font color=blue>NOTE: %INCLUDE (level 1) ending.
</font>88         %include 'G:\SASData\CTDOE\EdSight\Release\public\code\reportmacros\csde_reporting_global_macros.sas';
<font color=blue>NOTE: %INCLUDE (level 1) file G:\SASData\CTDOE\EdSight\Release\public\code\reportmacros\csde_reporting_global_macros.sas is file 
      G:\SASData\CTDOE\EdSight\Release\public\code\reportmacros\csde_reporting_global_macros.sas.
</font>89        +
90        +/********************************************************/
91        +/*														*/
92        +/*														*/
93        +/*			CSDE_REPORTING_GLOBAL_MACROS.SAS			*/
94        +/*														*/
95        +/*														*/
96        +/********************************************************/
97        +
98        +
99        +
100       +/****************************************/
101       +/****************************************/
                                                                                          The SAS System

102       +/****************************************/
103       +
104       +%macro create_macro_vars(reportname);
105       +
106       +	/***
107       +		create_macro_vars(reportname) sets macro variables required for the stored process to set up links to export reports
108       +		as well as setting the default values from the Home screen report for Enrollment Counts and Student Home.
109       +	***/
110       +
111       +	data _null_;
112       +		/* _websrvname is the first part of a url string which contains the CSDE web server name */
113       +/*			call symput ('_websrvname',strip("http://sde-sas-dev2.exec.ds.state.ct.us"));  */
114       +/*			call symput ('_websrvname',strip("http://sde-sasmidstg.sys.services.ct.gov"));   */
115       +			call symput ('_websrvname',strip("http://edsight.ct.gov"));
116       +
117       +		/* _baseurl is the first part of a &lt;a&gt; tag string which contains the TARGET= and beginning of HREF= statements */
118       +		call symput ('_baseurl',strip("&lt;a TARGET=NEWWINDOW href=&amp;_websrvname./SASStoredProcess"));
119       +
120       +		/* _baseurlreset is the first part of a &lt;a&gt; tag string which contains the TARGET= and beginning of HREF= statements
121       +		  for a reset of current url within the same window (_self) */
122       +		call symput ('_baseurlreset',strip("&lt;a TARGET=_self href=&amp;_websrvname./SASStoredProcess"));
123       +
124       +		call symput ('_stpmetafolder',strip("/CTDOE/EdSight/Release/Reporting/Public/Reports/StoredProcesses/"));
125       +
126       +		/* _websrvport is the port of the CSDE web server name. 80 on PROD, 8080 in DEV and STG */
127       +/*		call symput ('_websrvport',strip('8080')); */
128       +		call symput ('_websrvport',strip('80'));
129       +
130       +	run;
131       +
132       +	/* This section initializes the macros for the default view of enrollment and student from the Home screen report*/
133       +	%if "&amp;_default" = "Yes" %then %do;
134       +		data _null_;
135       +			/* Almost all reports will leverage the "enrollment" defaults */
136       +			%if "&amp;reportname"="enrollment" %then %do;
137       +				call symput('_year',strip("Trend"));
138       +				call symput('_district',strip("State of Connecticut"));
139       +			%end;
                                                                                          The SAS System

140       +			%if "&amp;reportname"="smarterbalanced" %then %do;
141       +				call symput('_year',strip("2015-16"));
142       +				call symput('_district',strip("State of Connecticut"));
143       +				call symput('_grade',strip("All Grades Combined"));
144       +				call symput('_school',strip(""));
145       +				call symput('_subject',strip("ELA and Math"));
146       +				call symput('_subgroup',strip("All Students"));
147       +			%end;
148       +			%if "&amp;reportname"="finance" %then %do;
149       +				call symput('_year',strip("Trend"));
150       +				call symput('_district',strip("All Districts"));
151       +			%end;
152       +			%if "&amp;reportname"="ppr" or "&amp;reportname"="specedapr" %then %do;
153       +				call symput('_year',strip("All Years"));
154       +				call symput('_district',strip("All Districts"));
155       +			%end;
156       +			%if "&amp;reportname"="magnet" %then %do;
157       +				call symput('_rpttype',strip("magnet"));
158       +				call symput('_location',strip("all"));
159       +				call symput('_group',strip("All"));
160       +				call symput('_prgrmtype',strip("All Types"));
161       +				call symput('_magnettype',strip("All Types"));
162       +				call symput('_districttown',strip("All Districts and Towns"));
163       +				call symput('_district',strip("All Districts"));
164       +				call symput('_school',strip("All Schools"));		
165       +				call symput('_school2',strip("All Schools"));
166       +			%end;
167       +		run;
168       +	%end;
169       +
170       +%mend;
171       +run;
172       +
173       +/****************************************/
174       +/****************************************/
175       +/****************************************/
176       +
177       +%macro globalnav(reportname);
                                                                                          The SAS System

178       +
179       +%global  _defaultprint _yearprint _districtprint _selectprint _subgroupprint _schoolprint	orgtypeprint orgdistrictprint
180       +		orgnameprint orggradesprint orggroupprint orgeduprgprint orgprgtypeprint _keywordprint _rpttypeprint _cattypeprint
181       +		_schoolconstrprint 	_gradeprint _subjectprint _locationprint _groupprint _prgrmtypeprint _districttownprint _districtprint
182       +		_townprint _schoolprint _school2print _magnettypeprint roleprint namefirstprint namelastprint _rateprint _filterbyprint
183       +		_parampassprint _gradcatprint
184       +;
185       +
186       +%let _defaultprint=%nrstr(&amp;_default);
187       +%let _selectprint=%nrstr(&amp;_select);
188       +%let _yearprint=%nrstr(&amp;_year);
189       +%let _districtprint=%nrstr(&amp;_district);
190       +%let _schoolprint=%nrstr(&amp;_school);
191       +%let _subgroupprint=%nrstr(&amp;_subgroup);
192       +%let orgtypeprint=%nrstr(&amp;orgtype);
193       +%let orgdistrictprint=%nrstr(&amp;orgdistrict);
194       +%let orgnameprint=%nrstr(&amp;orgname);
195       +%let orggradesprint=%nrstr(&amp;orggrades);
196       +%let orgeduprgprint=%nrstr(&amp;orgeduprg);
197       +%let orgprgtypeprint=%nrstr(&amp;orgprgtype);
198       +%let _keywordprint=%nrstr(&amp;_keyword);
199       +%let _rpttypeprint=%nrstr(&amp;_rpttype);
200       +%let _cattypeprint=%nrstr(&amp;_cattype);
201       +%let _schoolconstrprint=%nrstr(&amp;_schoolconstr);
202       +%let _gradeprint=%nrstr(&amp;_grade);
203       +%let _subjectprint=%nrstr(&amp;_subject);
204       +%let _locationprint=%nrstr(&amp;_location);
205       +%let _groupprint=%nrstr(&amp;_group);
206       +%let _prgrmtypeprint=%nrstr(&amp;_prgrmtype);
207       +%let _districttownprint=%nrstr(&amp;_districttown);
208       +%let _districtprint=%nrstr(&amp;_district);
209       +%let _townprint=%nrstr(&amp;_town);
210       +%let _schoolprint=%nrstr(&amp;_school);
211       +%let _school2print=%nrstr(&amp;_school2);
212       +%let _magnettypeprint=%nrstr(&amp;_magnettype);
213       +%let roleprint=%nrstr(&amp;role);
214       +%let namefirstprint=%nrstr(&amp;namefirst);
215       +%let namelastprint=%nrstr(&amp;namelast);
                                                                                          The SAS System

216       +%let _rateprint=%nrstr(&amp;_rate);
217       +%let _filterbyprint=%nrstr(&amp;_filterby);
218       +%let _parampassprint=%nrstr(&amp;_parampass);
219       +%let _gradcatprint=%nrstr(&amp;_gradcat);
220       +
221       +
222       +	/***
223       +		GLOBALNAV macro generates the top banner menu and is called in every stored process. This macro handles parameter passing from reports
224       +		including default logic when passed from other reports or initialized in the create_macro_vars macro above.
225       +	***/
226       +
227       +	/* Uncomment for REL in EdSight subfolder, comment out all other */
228       +	%let _folderpath =EdSight%2FRelease%2FReporting;
229       +
230       +	data _null_;
231       +	file _webout;
232       +		/* Begin HTML file. Create header content within &lt;head&gt; tag which includes link to CSS file, link to HTML5 shiv for IE, and IE JavaScript */
233       +		put '	&lt;html lang="en"&gt;
234       +				&lt;head&gt;
235       +					&lt;meta charset="utf-8"&gt;
236       +					&lt;title&gt;EdSight Portal Navigation Page&lt;/title&gt;
237       +		';
238       +		/* This line sets up link to the styles_new.css file which gives the HTML its color and functionality. */
239       +		put "	&lt;link href='&amp;_websrvname:&amp;_websrvport/CTDOE-pages/styles_new_112015.css' rel='stylesheet' type='text/css'&gt;";
240       +
241       +		/* Redirect for Safari. No longer required. Leave commented out. */
242       +/*		put '&lt;script type="text/javascript"&gt;';*/
243       +/*		put "if (navigator.userAgent.indexOf('Safari') != -1 &amp;&amp; navigator.userAgent.indexOf('Chrome') == -1) {self.location =
243      !+'&amp;_websrvname/SASStoredProcess/do?_program=%2FCTDOE%2FEdSight%2FRelease%2FReporting%2FPublic%2FReports%2FStoredProcesses%2FGlobalNavigation_Safari';}";*/
244       +/*		put '&lt;/script&gt;';*/
245       +
246       +		put '&lt;script type="text/javascript"&gt;';
247       +	
248       +		/*
249       +			LEFTPANE +/- Scripts for all browsers
250       +		*/
251       +
252       +		/* Show GLOBAL NAVIGATION leftpane submenu/dropdown */
                                                                                          The SAS System

253       +			put '				function gnLeftpaneOn() {
254       +									document.getElementById("gnLeftpane").style.display = ';
255       +			put "'block';";
256       +			put '					document.getElementById("gn_lp1").style.display = ';
257       +			put "'block';";
258       +			put '					document.getElementById("gn_lp2").style.display = ';
259       +			put "'block';";
260       +			put '					document.getElementById("gn_lp3").style.display = ';
261       +			put "'block';";
262       +			put '					document.getElementById("gn_lp4").style.display = ';
263       +			put "'block';";
264       +			put '					document.getElementById("gn_lp5").style.display = ';
265       +			put "'block';";
266       +			put '					document.getElementById("gn_lp6").style.display = ';
267       +			put "'block';";			
268       +			put '					document.getElementById("gn_lp7").style.display = ';
269       +			put "'block';";
270       +			put '					document.getElementById("gn_lp8").style.display = ';
271       +			put "'block';";
272       +			put '					document.getElementById("gn_lp9").style.display = ';
273       +			put "'block';";	
274       +			put '					document.getElementById("gn_lp10").style.display = ';
275       +			put "'block';";	
276       +			put '					} ';
277       +
278       +		/* Hide GLOBAL NAVIGATION submenu/dropdown */
279       +			put '				function gnLeftpaneOff() {
280       +									document.getElementById("gnLeftpane").style.display = ';
281       +			put "'none';";
282       +			put '					document.getElementById("gn_lp1").style.display = ';
283       +			put "'none';";
284       +			put '					document.getElementById("gn_lp2").style.display = ';
285       +			put "'none';";
286       +			put '					document.getElementById("gn_lp3").style.display = ';
287       +			put "'none';";
288       +			put '					document.getElementById("gn_lp4").style.display = ';
289       +			put "'none';";
290       +			put '					document.getElementById("gn_lp5").style.display = ';
                                                                                          The SAS System

291       +			put "'none';";
292       +			put '					document.getElementById("gn_lp6").style.display = ';
293       +			put "'none';";			
294       +			put '					document.getElementById("gn_lp7").style.display = ';
295       +			put "'none';";
296       +			put '					document.getElementById("gn_lp8").style.display = ';
297       +			put "'none';";
298       +			put '					document.getElementById("gn_lp9").style.display = ';
299       +			put "'none';";	
300       +			put '					document.getElementById("gn_lp10").style.display = ';
301       +			put "'none';";		
302       +			put '					} ';
303       +
304       +		/* Show EL leftpane submenu/dropdown */
305       +			put '				function ellLeftpaneOn() {
306       +									document.getElementById("ellLeftpane").style.display = ';
307       +			put "'block';";
308       +			put '					document.getElementById("ell_lp1").style.display = ';
309       +			put "'block';";
310       +			put '					document.getElementById("ell_lp2").style.display = ';
311       +			put "'block';";
312       +			put '					document.getElementById("ell_lp3").style.display = ';
313       +			put "'block';";
314       +			put '					document.getElementById("ell_lp4").style.display = ';
315       +			put "'block';";
316       +			put '					document.getElementById("ell_lp5").style.display = ';
317       +			put "'block';";
318       +			put '					document.getElementById("ell_lp6").style.display = ';
319       +			put "'block';";
320       +			put '					} ';
321       +
322       +		/* Hide EL submenu/dropdown */
323       +			put '				function ellLeftpaneOff() {
324       +									document.getElementById("ellLeftpane").style.display = ';
325       +			put "'none';";
326       +			put '					document.getElementById("ell_lp1").style.display = ';
327       +			put "'none';";
328       +			put '					document.getElementById("ell_lp2").style.display = ';
                                                                                          The SAS System

329       +			put "'none';";
330       +			put '					document.getElementById("ell_lp3").style.display = ';
331       +			put "'none';";
332       +			put '					document.getElementById("ell_lp4").style.display = ';
333       +			put "'none';";
334       +			put '					document.getElementById("ell_lp5").style.display = ';
335       +			put "'none';";
336       +			put '					document.getElementById("ell_lp6").style.display = ';
337       +			put "'none';";
338       +			put '					} ';
339       +
340       +		/* Show SANCTIONS leftpane submenu/dropdown */
341       +			put '				function snLeftpaneOn() {
342       +									document.getElementById("snLeftpane").style.display = ';
343       +			put "'block';";
344       +			put '					document.getElementById("sn_lp1").style.display = ';
345       +			put "'block';";
346       +			put '					document.getElementById("sn_lp2").style.display = ';
347       +			put "'block';";
348       +			put '					document.getElementById("sn_lp3").style.display = ';
349       +			put "'block';";
350       +			put '					} ';
351       +
352       +		/* Hide SANCTIONS submenu/dropdown */
353       +			put '				function snLeftpaneOff() {
354       +									document.getElementById("snLeftpane").style.display = ';
355       +			put "'none';";
356       +			put '					document.getElementById("sn_lp1").style.display = ';
357       +			put "'none';";
358       +			put '					document.getElementById("sn_lp2").style.display = ';
359       +			put "'none';";
360       +			put '					document.getElementById("sn_lp3").style.display = ';
361       +			put "'none';";
362       +			put '					} ';
363       +
364       +		/* Show SPEC EDU APR leftpane submenu/dropdown */
365       +			put '				function aprLeftpaneOn() {
366       +									document.getElementById("aprLeftpane").style.display = ';
                                                                                          The SAS System

367       +			put "'block';";
368       +			put '					document.getElementById("apr_lp1").style.display = ';
369       +			put "'block';";
370       +			put '					document.getElementById("apr_lp2").style.display = ';
371       +			put "'block';";
372       +			put '					document.getElementById("apr_lp3").style.display = ';
373       +			put "'block';";
374       +			put '					document.getElementById("apr_lp4").style.display = ';
375       +			put "'block';";
376       +			put '					document.getElementById("apr_lp5").style.display = ';
377       +			put "'block';";
378       +			put '					} ';
379       +
380       +		/* Hide SPEC EDU APR submenu/dropdown */
381       +			put '				function aprLeftpaneOff() {
382       +									document.getElementById("aprLeftpane").style.display = ';
383       +			put "'none';";
384       +			put '					document.getElementById("apr_lp1").style.display = ';
385       +			put "'none';";
386       +			put '					document.getElementById("apr_lp2").style.display = ';
387       +			put "'none';";
388       +			put '					document.getElementById("apr_lp3").style.display = ';
389       +			put "'none';";
390       +			put '					document.getElementById("apr_lp4").style.display = ';
391       +			put "'none';";
392       +			put '					document.getElementById("apr_lp5").style.display = ';
393       +			put "'none';";
394       +			put '					} ';
395       +
396       +			/* Show SMARTER BALANCED leftpane submenu/dropdown */
397       +			put '				function sbLeftpaneOn() {
398       +									document.getElementById("sbLeftpane").style.display = ';
399       +			put "'block';";
400       +			put '					document.getElementById("sb_lp1").style.display = ';
401       +			put "'block';";
402       +			put '					document.getElementById("sb_lp2").style.display = ';
403       +			put "'block';";
404       +
                                                                                          The SAS System

405       +			put '					} ';
406       +
407       +		/* Hide SMARTER BALANCED submenu/dropdown */
408       +			put '				function sbLeftpaneOff() {
409       +									document.getElementById("sbLeftpane").style.display = ';
410       +			put "'none';";
411       +			put '					document.getElementById("sb_lp1").style.display = ';
412       +			put "'none';";
413       +			put '					document.getElementById("sb_lp2").style.display = ';
414       +			put "'none';";
415       +
416       +			put '					} ';
417       +
418       +			/* Show GROWTH leftpane submenu/dropdown */
419       +			put '				function growthLeftpaneOn() {
420       +									document.getElementById("growthLeftpane").style.display = ';
421       +			put "'block';";
422       +			put '					document.getElementById("growth_lp1").style.display = ';
423       +			put "'block';";
424       +			put '					document.getElementById("growth_lp2").style.display = ';
425       +			put "'block';";
426       +
427       +			put '					} ';
428       +
429       +		/* Hide GROWTH submenu/dropdown */
430       +			put '				function growthLeftpaneOff() {
431       +									document.getElementById("growthLeftpane").style.display = ';
432       +			put "'none';";
433       +			put '					document.getElementById("growth_lp1").style.display = ';
434       +			put "'none';";
435       +			put '					document.getElementById("growth_lp2").style.display = ';
436       +			put "'none';";
437       +
438       +			put '					} ';
439       +
440       +			/* Show COLLEGE leftpane submenu/dropdown */
441       +			put '				function cepLeftpaneOn() {
442       +									document.getElementById("cepLeftpane").style.display = ';
                                                                                          The SAS System

443       +			put "'block';";
444       +			put '					document.getElementById("cep_lp1").style.display = ';
445       +			put "'block';";
446       +			put '					document.getElementById("cep_lp2").style.display = ';
447       +			put "'block';";
448       +
449       +			put '					} ';
450       +
451       +		/* Hide COLLEGE submenu/dropdown */
452       +			put '				function cepLeftpaneOff() {
453       +									document.getElementById("cepLeftpane").style.display = ';
454       +			put "'none';";
455       +			put '					document.getElementById("cep_lp1").style.display = ';
456       +			put "'none';";
457       +			put '					document.getElementById("cep_lp2").style.display = ';
458       +			put "'none';";
459       +
460       +			put '					} ';
461       +
462       +		/* Show SPECIALIZED SCH\PRG leftpane submenu/dropdown */
463       +			put '				function qrLeftpaneOn() {
464       +									document.getElementById("qrLeftpane").style.display = ';
465       +			put "'block';";
466       +			put '					document.getElementById("qr_lp1").style.display = ';
467       +			put "'block';";
468       +			put '					document.getElementById("qr_lp2").style.display = ';
469       +			put "'block';";
470       +			put '					} ';
471       +
472       +		/* Hide SPECIALIZED SCH\PRG submenu/dropdown */
473       +			put '				function qrLeftpaneOff() {
474       +									document.getElementById("qrLeftpane").style.display = ';
475       +			put "'none';";
476       +			put '					document.getElementById("qr_lp1").style.display = ';
477       +			put "'none';";
478       +			put '					document.getElementById("qr_lp2").style.display = ';
479       +			put "'none';";
480       +			put '					} ';
                                                                                          The SAS System

481       +
482       +		/* Show SAT leftpane submenu/dropdown */
483       +			put '				function satLeftpaneOn() {
484       +									document.getElementById("satLeftpane").style.display = ';
485       +			put "'block';";
486       +			put '					document.getElementById("sat_lp1").style.display = ';
487       +			put "'block';";
488       +			put '					document.getElementById("sat_lp2").style.display = ';
489       +			put "'block';";
490       +			put '					document.getElementById("sat_lp3").style.display = ';
491       +			put "'block';";
492       +			put '					document.getElementById("sat_lp4").style.display = ';
493       +			put "'block';";
494       +			put '					document.getElementById("sat_lp5").style.display = ';
495       +			put "'block';";
496       +			put '					document.getElementById("sat_lp6").style.display = ';
497       +			put "'block';";
498       +			put '					document.getElementById("sat_lp7").style.display = ';
499       +			put "'block';";
500       +			put '					} ';
501       +
502       +		/* Hide SAT submenu/dropdown */
503       +			put '				function satLeftpaneOff() {
504       +									document.getElementById("satLeftpane").style.display = ';
505       +			put "'none';";
506       +			put '					document.getElementById("sat_lp1").style.display = ';
507       +			put "'none';";
508       +			put '					document.getElementById("sat_lp2").style.display = ';
509       +			put "'none';";
510       +			put '					document.getElementById("sat_lp3").style.display = ';
511       +			put "'none';";
512       +			put '					document.getElementById("sat_lp4").style.display = ';
513       +			put "'none';";
514       +			put '					document.getElementById("sat_lp5").style.display = ';
515       +			put "'none';";
516       +			put '					document.getElementById("sat_lp6").style.display = ';
517       +			put "'none';";
518       +			put '					document.getElementById("sat_lp7").style.display = ';
                                                                                          The SAS System

519       +			put "'none';";
520       +			put '					} ';
521       +
522       +		/* Show STAFFING LEVELS leftpane submenu/dropdown */
523       +			put '				function slLeftpaneOn() {
524       +									document.getElementById("slLeftpane").style.display = ';
525       +			put "'block';";
526       +			put '					document.getElementById("sl_lp1").style.display = ';
527       +			put "'block';";
528       +			put '					document.getElementById("sl_lp2").style.display = ';
529       +			put "'block';";
530       +			put '					document.getElementById("sl_lp3").style.display = ';
531       +			put "'block';";
532       +			put '					document.getElementById("sl_lp4").style.display = ';
533       +			put "'block';";
534       +			put '					document.getElementById("sl_lp5").style.display = ';
535       +			put "'block';";
536       +			put '					document.getElementById("sl_lp6").style.display = ';
537       +			put "'block';";
538       +			put '					document.getElementById("sl_lp7").style.display = ';
539       +			put "'block';";
540       +			put '					document.getElementById("sl_lp8").style.display = ';
541       +			put "'block';";
542       +			put '					document.getElementById("sl_lp9").style.display = ';
543       +			put "'block';";
544       +			put '					document.getElementById("sl_lp10").style.display = ';
545       +			put "'block';";
546       +			put '					document.getElementById("sl_lp11").style.display = ';
547       +			put "'block';";
548       +			put '					document.getElementById("sl_lp12").style.display = ';
549       +			put "'block';";
550       +			put '					document.getElementById("sl_lp13").style.display = ';
551       +			put "'block';";
552       +			put '					document.getElementById("sl_lp14").style.display = ';
553       +			put "'block';";
554       +			put '					document.getElementById("sl_lp15").style.display = ';
555       +			put "'block';";
556       +			put '					document.getElementById("sl_lp16").style.display = ';
                                                                                          The SAS System

557       +			put "'block';";
558       +			put '					document.getElementById("sl_lp17").style.display = ';
559       +			put "'block';";
560       +			put '					document.getElementById("sl_lp18").style.display = ';
561       +			put "'block';";
562       +			put '					} ';
563       +
564       +		/* Hide STAFFING LEVELS submenu/dropdown */
565       +			put '				function slLeftpaneOff() {
566       +									document.getElementById("slLeftpane").style.display = ';
567       +			put "'none';";
568       +			put '					document.getElementById("sl_lp1").style.display = ';
569       +			put "'none';";
570       +			put '					document.getElementById("sl_lp2").style.display = ';
571       +			put "'none';";
572       +			put '					document.getElementById("sl_lp3").style.display = ';
573       +			put "'none';";
574       +			put '					document.getElementById("sl_lp4").style.display = ';
575       +			put "'none';";
576       +			put '					document.getElementById("sl_lp5").style.display = ';
577       +			put "'none';";
578       +			put '					document.getElementById("sl_lp6").style.display = ';
579       +			put "'none';";
580       +			put '					document.getElementById("sl_lp7").style.display = ';
581       +			put "'none';";
582       +			put '					document.getElementById("sl_lp8").style.display = ';
583       +			put "'none';";
584       +			put '					document.getElementById("sl_lp9").style.display = ';
585       +			put "'none';";
586       +			put '					document.getElementById("sl_lp10").style.display = ';
587       +			put "'none';";
588       +			put '					document.getElementById("sl_lp11").style.display = ';
589       +			put "'none';";
590       +			put '					document.getElementById("sl_lp12").style.display = ';
591       +			put "'none';";
592       +			put '					document.getElementById("sl_lp13").style.display = ';
593       +			put "'none';";
594       +			put '					document.getElementById("sl_lp14").style.display = ';
                                                                                          The SAS System

595       +			put "'none';";
596       +			put '					document.getElementById("sl_lp15").style.display = ';
597       +			put "'none';";
598       +			put '					document.getElementById("sl_lp16").style.display = ';
599       +			put "'none';";
600       +			put '					document.getElementById("sl_lp17").style.display = ';
601       +			put "'none';";
602       +			put '					document.getElementById("sl_lp18").style.display = ';
603       +			put "'none';";
604       +			put '					} ';
605       +
606       +		put '&lt;/script&gt;';
607       +
608       +
609       +		/** This begins a section where only the IE browser runs the 2 &lt;script&gt; tags below. The first gives the SAS generated HTML
610       +			some of the HTML5 functionality inherent in the other browsers via a src line. The second shows and hides the appropriate
611       +			drop down content based upon the hoveron and hoveroff options on the list items. The hoveron and hoveroff statements are defined
612       +			in the IE section for the global navigation menu toward the end of this GLOBALNAV macro.
613       +		**/
614       +		put '		&lt;!--[if IE]&gt;';
615       +
616       +		put '			&lt;script src="//cdnjs.cloudflare.com/ajax/libs/html5shiv/3.7.3/html5shiv.min.js"&gt;&lt;/script&gt;
617       +			';
618       +
619       +		/******	For DEV and STG local HTML5Shiv	******/
620       +/*		put '			&lt;script src="'; put "&amp;_websrvname"; put ':'; put "&amp;_websrvport"; put '/CTDOE-pages/html5shiv-master/dist/html5shiv.min.js"&gt;&lt;/script&gt;*/
621       +/*			';*/
622       +		/******	For PROD local HTML5Shiv	******/
623       +/*		put '           &lt;script src="http://sdejse1.sys.services.ct.gov:80/CTDOE-pages/html5shiv-master/dist/html5shiv.min.js"&gt;&lt;/script&gt;';*/
624       +
625       +		put ' 			&lt;script type="text/javascript"&gt; ';
626       +
627       +				/* Show Overview submenu/dropdown */
628       +				put '				function csdeOverviewOn() {
629       +										document.getElementById("articleOverview").style.display = ';
630       +				put "'block';";
631       +				put '					document.getElementById("ovr1").style.display = ';
632       +				put "'block';";
                                                                                          The SAS System

633       +				put '					document.getElementById("ovr2").style.display = ';
634       +				put "'block';";
635       +				put '					document.getElementById("ovr3").style.display = ';
636       +				put "'block';";
637       +				put '					document.getElementById("ovr4").style.display = ';
638       +				put "'block';";
639       +				put '					document.getElementById("ovr5").style.display = ';
640       +				put "'block';";
641       +				put '					} ';
642       +
643       +				/* Hide Overview submenu/dropdown after 2500 ms*/
644       +				put '				function csdeOverviewOff() {
645       +										document.getElementById("articleOverview").style.display = ';
646       +				put "'none';";
647       +				put '					document.getElementById("ovr1").style.display = ';
648       +				put "'none';";
649       +				put '					document.getElementById("ovr2").style.display = ';
650       +				put "'none';";
651       +				put '					document.getElementById("ovr3").style.display = ';
652       +				put "'none';";
653       +				put '					document.getElementById("ovr4").style.display = ';
654       +				put "'none';";
655       +				put '					document.getElementById("ovr5").style.display = ';
656       +				put "'none';";
657       +				put '						} ';
658       +				
659       +				/* Show Student submenu/dropdown */
660       +				put '				function csdeStudentOn() {
661       +										document.getElementById("articleStudent").style.display = ';
662       +				put "'block';";
663       +				put '					document.getElementById("stu1").style.display = ';
664       +				put "'block';";
665       +				put '					document.getElementById("stu2").style.display = ';
666       +				put "'block';";
667       +				put '					document.getElementById("stu3").style.display = ';
668       +				put "'block';";
669       +				put '					document.getElementById("stu4").style.display = ';
670       +				put "'block';";
                                                                                          The SAS System

671       +				put '					document.getElementById("stu5").style.display = ';
672       +				put "'block';";
673       +				put '				} ';
674       +
675       +				/* Hide Student submenu/dropdown after 2500 ms*/
676       +				put '				function csdeStudentOff() {
677       +										document.getElementById("articleStudent").style.display = ';
678       +				put "'none';";
679       +				put '					document.getElementById("stu1").style.display = ';
680       +				put "'none';";
681       +				put '					document.getElementById("stu2").style.display = ';
682       +				put "'none';";
683       +				put '					document.getElementById("stu3").style.display = ';
684       +				put "'none';";
685       +				put '					document.getElementById("stu4").style.display = ';
686       +				put "'none';";
687       +				put '					document.getElementById("stu5").style.display = ';
688       +				put "'none';";
689       +				put '				} ';
690       +
691       +				/* Show Educator submenu/dropdown */
692       +				put '				function csdeEducatorOn() {
693       +										document.getElementById("articleEducator").style.display = ';
694       +				put "'block';";
695       +				put '					document.getElementById("edu1").style.display = ';
696       +				put "'block';";
697       +				put '					document.getElementById("edu2").style.display = ';
698       +				put "'block';";
699       +				put '					document.getElementById("edu3").style.display = ';
700       +				put "'block';";
701       +				put '					} ';
702       +
703       +				/* Hide Educator submenu/dropdown after 2500 ms*/
704       +				put '				function csdeEducatorOff() {
705       +										document.getElementById("articleEducator").style.display = ';
706       +				put "'none';";
707       +				put '					document.getElementById("edu1").style.display = ';
708       +				put "'none';";
                                                                                          The SAS System

709       +				put '					document.getElementById("edu2").style.display = ';
710       +				put "'none';";
711       +				put '					document.getElementById("edu3").style.display = ';
712       +				put "'none';";
713       +				put '					} ';
714       +
715       +				/* Show Instruction submenu/dropdown */
716       +				put '				function csdeInstructionOn() {
717       +										document.getElementById("articleInstruction").style.display = ';
718       +				put "'block';";
719       +				put '					document.getElementById("ins1").style.display = ';
720       +				put "'block';";
721       +				put '					document.getElementById("ins2").style.display = ';
722       +				put "'block';";
723       +				put '					} ';
724       +
725       +				/* Hidwe Instruction submenu/dropdown */
726       +				put '				function csdeInstructionOff() {
727       +										document.getElementById("articleInstruction").style.display = ';
728       +				put "'none';";
729       +				put '					document.getElementById("ins1").style.display = ';
730       +				put "'none';";
731       +				put '					document.getElementById("ins2").style.display = ';
732       +				put "'none';";
733       +				put '				} ';
734       +
735       +				/* Show Performance submenu/dropdown */
736       +				put '				function csdePerformanceOn() {
737       +										document.getElementById("articlePerformance").style.display = ';
738       +				put "'block';";
739       +				put '					document.getElementById("prf1").style.display = ';
740       +				put "'block';";
741       +				put '					document.getElementById("prf2").style.display = ';
742       +				put "'block';";
743       +				put '					document.getElementById("prf3").style.display = ';
744       +				put "'block';";
745       +				put '					document.getElementById("prf4").style.display = ';
746       +				put "'block';";
                                                                                          The SAS System

747       +				put '					document.getElementById("prf5").style.display = ';
748       +				put "'block';";
749       +				put '					document.getElementById("prf6").style.display = ';
750       +				put "'block';";
751       +				put '					document.getElementById("prf7").style.display = ';
752       +				put "'block';";
753       +				put '					} ';
754       +
755       +				/* Hide Performance submenu/dropdown after 2500 ms*/
756       +				put '				function csdePerformanceOff() {
757       +										document.getElementById("articlePerformance").style.display = ';
758       +				put "'none';";
759       +				put '					document.getElementById("prf1").style.display = ';
760       +				put "'none';";
761       +				put '					document.getElementById("prf2").style.display = ';
762       +				put "'none';";
763       +				put '					document.getElementById("prf3").style.display = ';
764       +				put "'none';";
765       +				put '					document.getElementById("prf4").style.display = ';
766       +				put "'none';";
767       +				put '					document.getElementById("prf5").style.display = ';
768       +				put "'none';";
769       +				put '					document.getElementById("prf6").style.display = ';
770       +				put "'none';";
771       +				put '					document.getElementById("prf7").style.display = ';
772       +				put "'none';";
773       +				put '				} ';
774       +		put '			&lt;/script&gt; ';
775       +		put '		&lt;![endif]--&gt;
776       +					&lt;/head&gt;	
777       +		';
778       +
779       +		/* Begin &lt;body&gt; of HTML File. Body is entirely located within the "wrapper" &lt;div&gt; and split into 3 main &lt;div&gt; sections:
780       +			1. header
781       +			2. leftpane
782       +			3. rightpane
783       +		*/
784       +		put '
                                                                                          The SAS System

785       +			&lt;body&gt;
786       +				&lt;div id="wrapper"&gt;
787       +					&lt;div id="header"&gt;
788       +		';
789       +
790       +
791       +
792       +	/******			NON-IE ONLY	START		******/
793       +
794       +
795       +		/** This section is for all Non-IE browsers ONLY */
796       +		put '		&lt;![if !IE]&gt;
797       +						&lt;section id="menu"&gt;
798       +							&lt;nav&gt;
799       +							&lt;ul id="navmenu" style="width: 105%;"&gt;
800       +			';
801       +
802       +		/* Menu item in &lt;nav&gt; for Home is default. Does not take any parameters. Does not pass any parameters. */
803       +		put "				&lt;li&gt;&lt;a TARGET=_self href='&amp;_websrvname/SASStoredProcess/do?_program=%2FCTDOE%2F&amp;_folderpath%2FPublic%2FReports%2FStoredProcesses%2FGlobalNavigation'&gt;Home&lt;/a&gt;&lt;/li&gt;";
804       +
805       +		/* PASSING PARAMETERS FROM REPORTNAME = VALUE CHROME AND FIREFOX STARTS HERE */
806       +
807       +		/******			NON-IE GLOBAL NAVIGATION START			******/
808       +
809       +		/* This section creates the global navigation menu for the Home/GlobalNavigation STP only. No parameters passed. */
810       +		%if "&amp;reportname" = "globalnav" %then %do;
811       +			put '			&lt;li&gt;&lt;a href=""&gt;Overview&lt;/a&gt;
812       +								&lt;ul&gt;
813       +			';
814       +			/* 	&lt;li&gt; sets an item in the list.
815       +				&lt;a&gt; sets the url link for the &lt;li&gt; item.
816       +				&lt;a target=_self&gt; shows resultant url in same window when item is clicked.
817       +				&amp;_folderpath resolves to appropriate path depending on Dev/Sandbox/Release level of STP.
818       +				%2F is the URL version of a / for folders.
819       +			*/
820       +			put "				&lt;li&gt;&lt;a TARGET=_self href='&amp;_websrvname/SASStoredProcess/do?_program=%2FCTDOE%2F&amp;_folderpath%2FPublic%2FReports%2FStoredProcesses%2FOrgSearchReport'&gt;Find
820      !+School/District&lt;/a&gt;&lt;/li&gt;";
821       +			put "				&lt;li&gt;&lt;a TARGET=_self href='&amp;_websrvname/SASStoredProcess/do?_program=%2FCTDOE%2F&amp;_folderpath%2FPublic%2FReports%2FStoredProcesses%2FPeopleSearchReport'&gt;Find Staff&lt;/a&gt;&lt;/li&gt;";
                                                                                          The SAS System

822       +			put "				&lt;li&gt;&lt;a TARGET=_self
822      !+href='&amp;_websrvname/SASStoredProcess/do?_program=%2FCTDOE%2F&amp;_folderpath%2FPublic%2FReports%2FStoredProcesses%2FFinanceReport&amp;_defaultprint=Yes&amp;_selectprint=Submit'&gt;Fiscal
822      !+Resources&lt;/a&gt;&lt;/li&gt;";
823       +			put "				&lt;li  style='height: 25px;'&gt;&lt;a TARGET=_self
823      !+href='&amp;_websrvname/SASStoredProcess/do?_program=%2FCTDOE%2F&amp;_folderpath%2FPublic%2FReports%2FStoredProcesses%2FProfilePerformanceReport&amp;_defaultprint=Yes&amp;_selectprint=Submit'&gt;Profile
823      !+and Performance Reports&lt;/a&gt;&lt;/li&gt;";
<em><font color=green>WARNING: The quoted string currently being processed has become more than 262 characters long.  You might have unbalanced quotation marks.
</font></em>824       +			put "				&lt;li style='height: 25px;'&gt;&lt;a TARGET=_self
824      !+href='&amp;_websrvname/SASStoredProcess/do?_program=%2FCTDOE%2F&amp;_folderpath%2FPublic%2FReports%2FStoredProcesses%2FSpecEdAPRReport&amp;_defaultprint=Yes&amp;_selectprint=Submit'&gt;Special Education
824      !+Annual Performance Reports&lt;/a&gt;&lt;/li&gt;";
<em><font color=green>WARNING: The quoted string currently being processed has become more than 262 characters long.  You might have unbalanced quotation marks.
</font></em>825       +			put '			&lt;/ul&gt;
826       +						&lt;/li&gt;
827       +				';
828       +			/* When passing parameters, simply add macro var name and value after the STP path and name. For example, the macro vars
829       +				of _default and _select are passed here. Note that you need to include the &amp; before the var names.
830       +			*/
831       +			put '		&lt;li&gt;&lt;a href=""&gt;Students&lt;/a&gt;';
832       +			put '			&lt;ul&gt;';
833       +			put "				&lt;li&gt;&lt;a TARGET=_self
833      !+href='&amp;_websrvname/SASStoredProcess/do?_program=%2FCTDOE%2F&amp;_folderpath%2FPublic%2FReports%2FStoredProcesses%2FChronicAbsenteeismReport&amp;_yearprint=Trend&amp;_districtprint=State+of+Connect
833      !+icut&amp;_subgroupprint=All+Students&amp;_selectprint=Submit'&gt;Attendance&lt;/a&gt;&lt;/li&gt;";
<em><font color=green>WARNING: The quoted string currently being processed has become more than 262 characters long.  You might have unbalanced quotation marks.
</font></em>834       +			put "				&lt;li&gt;&lt;a TARGET=_self
834      !+href='&amp;_websrvname/SASStoredProcess/do?_program=%2FCTDOE%2F&amp;_folderpath%2FPublic%2FReports%2FStoredProcesses%2FDisciplineReport&amp;_defaultprint=Yes&amp;_selectprint=Submit'&gt;Discipline&lt;/a&gt;&lt;/l
834      !+i&gt;";
835       +			put "				&lt;li&gt;&lt;a TARGET=_self href='&amp;_websrvname/SASStoredProcess/do?_program=%2FCTDOE%2F&amp;_folderpath%2FPublic%2FReports%2FStoredProcesses%2FEnglishLearnersReport'&gt;English
835      !+Learners&lt;/a&gt;&lt;/li&gt;";
836       +			put "				&lt;li&gt;&lt;a TARGET=_self
836      !+href='&amp;_websrvname/SASStoredProcess/do?_program=%2FCTDOE%2F&amp;_folderpath%2FPublic%2FReports%2FStoredProcesses%2FEnrollmentReport&amp;_defaultprint=Yes&amp;_selectprint=Submit'&gt;Enrollment
836      !+Counts&lt;/a&gt;&lt;/li&gt;";
837       +			put "				&lt;li&gt;&lt;a TARGET=_self
837      !+href='&amp;_websrvname/SASStoredProcess/do?_program=%2FCTDOE%2F&amp;_folderpath%2FPublic%2FReports%2FStoredProcesses%2FPrimaryDisabilityReport&amp;_yearprint=Trend&amp;_Districtprint=State of
837      !+Connecticut&amp;_selectprint=Submit'&gt;Students with Disabilities&lt;/a&gt;&lt;/li&gt;";
<em><font color=green>WARNING: The quoted string currently being processed has become more than 262 characters long.  You might have unbalanced quotation marks.
</font></em>838       +			put '			&lt;/ul&gt;
839       +						&lt;/li&gt;
840       +						&lt;li&gt;&lt;a href=""&gt;Educators&lt;/a&gt;
                                                                                          The SAS System

841       +							&lt;ul&gt;
842       +				';
843       +			put "				&lt;li class='none'&gt;&lt;a TARGET=_self
843      !+href='&amp;_websrvname/SASStoredProcess/do?_program=%2FCTDOE%2F&amp;_folderpath%2FPublic%2FReports%2FStoredProcesses%2FStaffingRaceReport&amp;_defaultprint=Yes&amp;_selectprint=Submit'&gt;Demographics&lt;/a
843      !+&gt;&lt;/li&gt;";
844       +			put "				&lt;li class='none'&gt;&lt;a TARGET=_self
844      !+href='&amp;_websrvname/SASStoredProcess/do?_program=%2FCTDOE%2F&amp;_folderpath%2FPublic%2FReports%2FStoredProcesses%2FHQTReport&amp;_yearprint=Trend&amp;_districtprint=State+of+Connecticut&amp;_selectpri
844      !+nt=Submit'&gt;Qualifications&lt;/a&gt;&lt;/li&gt;";
845       +			put "				&lt;li class='none'&gt;&lt;a TARGET=_self
845      !+href='&amp;_websrvname/SASStoredProcess/do?_program=%2FCTDOE%2F&amp;_folderpath%2FPublic%2FReports%2FStoredProcesses%2FFTEStaffingReport&amp;_defaultprint=Yes&amp;_selectprint=Submit'&gt;Staffing
845      !+Levels&lt;/a&gt;&lt;/li&gt;";
846       +/*				put '			&lt;li&gt;&lt;a TARGET=_self href="'; put "&amp;_websrvname"; put '/SASStoredProcess/do?_program=%2FCTDOE%2F';*/
847       +/*				put "&amp;_folderpath"; put '%2FPublic%2FReports%2FStoredProcesses%2FSalaryReport"&gt;Salary&lt;/a&gt;&lt;/li&gt;';*/
848       +			put '
849       +							&lt;/ul&gt;
850       +						&lt;/li&gt;
851       +						&lt;li&gt;&lt;a href=""&gt;Instruction&lt;/a&gt;
852       +							&lt;ul&gt;
853       +				';
854       +/*				put '			&lt;li&gt;&lt;a TARGET=_self href="'; put "&amp;_websrvname"; put '/SASStoredProcess/do?_program=%2FCTDOE%2F';*/
855       +/*				put "&amp;_folderpath"; put '%2FPublic%2FReports%2FStoredProcesses%2FClassSizeReport"&gt;Class Size&lt;/a&gt;&lt;/li&gt;';*/
856       +			put "				&lt;li&gt;&lt;a TARGET=_self
856      !+href='&amp;_websrvname/SASStoredProcess/do?_program=%2FCTDOE%2F&amp;_folderpath%2FPublic%2FReports%2FStoredProcesses%2FCCRCourseTakingReport&amp;_yearprint=Trend&amp;_districtprint=State+of+Connecticu
856      !+t&amp;_selectprint=Submit'&gt;Courses&lt;/a&gt;&lt;/li&gt;";
857       +/*			put "				&lt;li&gt;&lt;a TARGET=_self href='&amp;_websrvname/SASStoredProcess/do?_program=%2FCTDOE%2F&amp;_folderpath%2FPublic%2FReports%2FStoredProcesses%2FCourseTakingReport'&gt;Courses&lt;/a&gt;&lt;/li&gt;";
857      !+*/
858       +			put "				&lt;li&gt;&lt;a TARGET=_self href='&amp;_websrvname/SASStoredProcess/do?_program=%2FCTDOE%2F&amp;_folderpath%2FPublic%2FReports%2FStoredProcesses%2FResourcesReport'&gt;Resources&lt;/a&gt;&lt;/li&gt;";
859       +			put '			&lt;/ul&gt;
860       +						&lt;/li&gt;	
861       +						&lt;li&gt;&lt;a href=""&gt;Performance&lt;/a&gt;
862       +							&lt;ul&gt;
863       +				';
864       +			put "				&lt;li&gt;&lt;a TARGET=_self
864      !+href='&amp;_websrvname/SASStoredProcess/do?_program=%2FCTDOE%2F&amp;_folderpath%2FPublic%2FReports%2FStoredProcesses%2FCMTCAPTScienceReport&amp;_districtprint=State+of+Connecticut&amp;_yearprint=2015-
864      !+16&amp;_subgroupprint=All+Students&amp;_gradeprint=All+Grades+Combined&amp;_schoolprint=+&amp;_selectprint=Submit&amp;_parampassprint=Yes'&gt;CMT/CAPT&lt;/a&gt;&lt;/li&gt;";
<em><font color=green>WARNING: The quoted string currently being processed has become more than 262 characters long.  You might have unbalanced quotation marks.
</font></em>865       +			put "				&lt;li&gt;&lt;a TARGET=_self
865      !+href='&amp;_websrvname/SASStoredProcess/do?_program=%2FCTDOE%2F&amp;_folderpath%2FPublic%2FReports%2FStoredProcesses%2FCollegeEntranceandPersistenceReport&amp;_yearprint=Trend&amp;_districtprint=State
                                                                                          The SAS System

865      !++of+Connecticut&amp;_selectprint=Submit'&gt;College/Postsecondary&lt;/a&gt;&lt;/li&gt;";			
<em><font color=green>WARNING: The quoted string currently being processed has become more than 262 characters long.  You might have unbalanced quotation marks.
</font></em>866       +			put "				&lt;li&gt;&lt;a TARGET=_self
866      !+href='&amp;_websrvname/SASStoredProcess/do?_program=%2FCTDOE%2F&amp;_folderpath%2FPublic%2FReports%2FStoredProcesses%2FGraduationReport&amp;_yearprint=Trend&amp;_districtprint=State+of+Connecticut&amp;_su
866      !+bgroupprint=All+Students&amp;_selectprint=Submit'&gt;Graduation Rates&lt;/a&gt;&lt;/li&gt;";
<em><font color=green>WARNING: The quoted string currently being processed has become more than 262 characters long.  You might have unbalanced quotation marks.
</font></em>867       +			put "				&lt;li&gt;&lt;a TARGET=_self href='&amp;_websrvname/SASStoredProcess/do?_program=%2FCTDOE%2F&amp;_folderpath%2FPublic%2FReports%2FStoredProcesses%2FK3Report'&gt;K-3&lt;/a&gt;&lt;/li&gt;";
868       +			put "				&lt;li&gt;&lt;a TARGET=_self
868      !+href='&amp;_websrvname/SASStoredProcess/do?_program=%2FCTDOE%2F&amp;_folderpath%2FPublic%2FReports%2FStoredProcesses%2FPhysicalFitnessTestReport&amp;_districtprint=State+of+Connecticut&amp;_yearprint=
868      !+Trend&amp;_subgroupprint=+&amp;_gradeprint=All+Grades+Combined&amp;_schoolprint=+&amp;_selectprint=Submit&amp;_parampassprint=Yes'&gt;Physical Fitness&lt;/a&gt;&lt;/li&gt;";
<em><font color=green>WARNING: The quoted string currently being processed has become more than 262 characters long.  You might have unbalanced quotation marks.
</font></em>869       +			put "				&lt;li&gt;&lt;a TARGET=_self
869      !+href='&amp;_websrvname/SASStoredProcess/do?_program=%2FCTDOE%2F&amp;_folderpath%2FPublic%2FReports%2FStoredProcesses%2FCTSchoolDaySATReport&amp;_yearprint=2015-16&amp;_districtprint=State+of+Connectic
869      !+ut&amp;_subjectprint=All+Subjects&amp;_subgroupprint=All+Students&amp;_selectprint=Submit'&gt;SAT/AP/PSAT&lt;/a&gt;&lt;/li&gt;";
<em><font color=green>WARNING: The quoted string currently being processed has become more than 262 characters long.  You might have unbalanced quotation marks.
</font></em>870       +			put "				&lt;li&gt;&lt;a TARGET=_self
870      !+href='&amp;_websrvname/SASStoredProcess/do?_program=%2FCTDOE%2F&amp;_folderpath%2FPublic%2FReports%2FStoredProcesses%2FSmarterBalancedAssessmentReport&amp;_defaultprint=Yes&amp;_selectprint=Submit'&gt;Sm
870      !+arter Balanced&lt;/a&gt;&lt;/li&gt;";
871       +			put '								
872       +							&lt;/ul&gt;
873       +						&lt;/li&gt;	
874       +				';
875       +
876       +		%end;
877       +
878       +	/******			NON-IE GLOBAL NAVIGATION END			******/
879       +
880       +
881       +	/******			NON-IE GLOBAL NON-SEARCH REPORTS START			******/
882       +
883       +		/*  This section creates the global navigation menu for the Enrollment, Student Home, Discipline, Bullying, and Incident STPs only.
884       +			Parameters common in the reports passed. Report is displayed via setting the _select macro variable to Submit after all required
885       +			parameters have been passed. Any subsequent parameters will be passed as well.
886       +		*/
887       +		%else %if "&amp;reportname" = "enrollment" or "&amp;reportname" = "bullying" or "&amp;reportname" = "incident" or "&amp;reportname" = "discipline"
888       +			%then %do;
889       +
890       +			put '		&lt;li&gt;&lt;a href=""&gt;Overview&lt;/a&gt;
                                                                                          The SAS System

891       +							&lt;ul&gt;
892       +				';
893       +			/* Beginning of &lt;li&gt; tag is same as for global navigation STP. After that, we use the appropriate macro name in target report
894       +			   and in a spearate put statement with "" to resolve the macro var, pass the macro variables*/
895       +
896       +			/* &amp;orgdistrict is macro name in the peoplesearch and orgsearch reports, therefore &amp;orgdistrict is shown */
897       +
898       +			/* &amp;_district is the macro variable coming from the Enrollment, Student Home, Discipline, Bullying, and Incident STPs and is
899       +				passed into the report after being resolved.
900       +			*/	
901       +			%if ("&amp;_district" ne "State of Connecticut" and "&amp;_district" ne "All Districts") and "&amp;_default" ne "Yes" and ("&amp;_school" ne "" and "&amp;_school" ne "" and "&amp;_school" ne "All Schools")
901      !+ %then %do;
902       +				put "			&lt;li&gt;&lt;a TARGET=_self
902      !+href='&amp;_websrvname/SASStoredProcess/do?_program=%2FCTDOE%2F&amp;_folderpath%2FPublic%2FReports%2FStoredProcesses%2FOrgSearchReport&amp;orgdistrictprint=&amp;_district&amp;_selectprint=Submit&amp;_parampas
902      !+sprint=Yes&amp;orgnameprint=&amp;_school'&gt;Find School/District&lt;/a&gt;&lt;/li&gt;";
<em><font color=green>WARNING: The quoted string currently being processed has become more than 262 characters long.  You might have unbalanced quotation marks.
</font></em>903       +			%end;
904       +			%else %if ("&amp;_district" ne "State of Connecticut" and "&amp;_district" ne "All Districts") and "&amp;_default" ne "Yes" %then %do;
905       +				put "			&lt;li&gt;&lt;a TARGET=_self
905      !+href='&amp;_websrvname/SASStoredProcess/do?_program=%2FCTDOE%2F&amp;_folderpath%2FPublic%2FReports%2FStoredProcesses%2FOrgSearchReport&amp;orgdistrictprint=&amp;_district&amp;_selectprint=Submit&amp;_parampas
905      !+sprint=Yes'&gt;Find School/District&lt;/a&gt;&lt;/li&gt;";
906       +			%end;
907       +			%else %do;
908       +				put "			&lt;li&gt;&lt;a TARGET=_self href='&amp;_websrvname/SASStoredProcess/do?_program=%2FCTDOE%2F&amp;_folderpath%2FPublic%2FReports%2FStoredProcesses%2FOrgSearchReport&amp;orgdistrictprint='&gt;Find
908      !+School/District&lt;/a&gt;&lt;/li&gt;";
909       +			%end;
910       +
911       +			%if ("&amp;_district" ne "State of Connecticut" and "&amp;_district" ne "All Districts") and "&amp;_default" ne "Yes" and ("&amp;_school" ne "" and "&amp;_school" ne "" and "&amp;_school" ne "All Schools")
911      !+  %then %do;
912       +				put "			&lt;li&gt;&lt;a TARGET=_self
912      !+href='&amp;_websrvname/SASStoredProcess/do?_program=%2FCTDOE%2F&amp;_folderpath%2FPublic%2FReports%2FStoredProcesses%2FPeopleSearchReport&amp;orgdistrictprint=&amp;_district&amp;_selectprint=Submit&amp;_param
912      !+passprint=Yes&amp;orgnameprint=&amp;_school'&gt;Find Staff&lt;/a&gt;&lt;/li&gt;";
<em><font color=green>WARNING: The quoted string currently being processed has become more than 262 characters long.  You might have unbalanced quotation marks.
</font></em>913       +			%end;
914       +			%else %if ("&amp;_district" ne "State of Connecticut" and "&amp;_district" ne "All Districts") and "&amp;_default" ne "Yes" %then %do;
915       +				put "			&lt;li&gt;&lt;a TARGET=_self
915      !+href='&amp;_websrvname/SASStoredProcess/do?_program=%2FCTDOE%2F&amp;_folderpath%2FPublic%2FReports%2FStoredProcesses%2FPeopleSearchReport&amp;orgdistrictprint=&amp;_district&amp;_selectprint=Submit&amp;_param
915      !+passprint=Yes'&gt;Find Staff&lt;/a&gt;&lt;/li&gt;";
                                                                                          The SAS System

916       +			%end;
917       +			%else %do;
918       +				put "			&lt;li&gt;&lt;a TARGET=_self
918      !+href='&amp;_websrvname/SASStoredProcess/do?_program=%2FCTDOE%2F&amp;_folderpath%2FPublic%2FReports%2FStoredProcesses%2FPeopleSearchReport&amp;orgdistrictprint='&gt;Find Staff&lt;/a&gt;&lt;/li&gt;";
919       +			%end;
920       +
921       +			put "				&lt;li&gt;&lt;a TARGET=_self
921      !+href='&amp;_websrvname/SASStoredProcess/do?_program=%2FCTDOE%2F&amp;_folderpath%2FPublic%2FReports%2FStoredProcesses%2FFinanceReport&amp;_districtprint=&amp;_district&amp;_selectprint=Submit&amp;_parampasspri
921      !+nt=Yes&amp;_yearprint=&amp;_year'&gt;Fiscal Resources&lt;/a&gt;&lt;/li&gt;";
922       +			put "				&lt;li style='height: 25px;'&gt;&lt;a TARGET=_self
922      !+href='&amp;_websrvname/SASStoredProcess/do?_program=%2FCTDOE%2F&amp;_folderpath%2FPublic%2FReports%2FStoredProcesses%2FProfilePerformanceReport&amp;_districtprint=&amp;_district&amp;_selectprint=Submit&amp;_p
922      !+arampassprint=Yes&amp;_yearprint=&amp;_year&amp;_schoolprint=&amp;_school'&gt;Profile and Performance Reports&lt;/a&gt;&lt;/li&gt;";
<em><font color=green>WARNING: The quoted string currently being processed has become more than 262 characters long.  You might have unbalanced quotation marks.
</font></em>923       +			put "				&lt;li style='height: 25px;'&gt;&lt;a TARGET=_self
923      !+href='&amp;_websrvname/SASStoredProcess/do?_program=%2FCTDOE%2F&amp;_folderpath%2FPublic%2FReports%2FStoredProcesses%2FSpecEdAPRReport&amp;_districtprint=&amp;_district&amp;_selectprint=Submit&amp;_parampassp
923      !+rint=Yes&amp;_yearprint=&amp;_year'&gt;Special Education Annual Performance Reports&lt;/a&gt;&lt;/li&gt;";
<em><font color=green>WARNING: The quoted string currently being processed has become more than 262 characters long.  You might have unbalanced quotation marks.
</font></em>924       +			put '			&lt;/ul&gt;
925       +				  		&lt;/li&gt;
926       +				';
927       +
928       +			put '		&lt;li&gt;&lt;a href=""&gt;Students&lt;/a&gt;';
929       +			put '			&lt;ul&gt;';
930       +
931       +			put "				&lt;li&gt;&lt;a TARGET=_self
931      !+href='&amp;_websrvname/SASStoredProcess/do?_program=%2FCTDOE%2F&amp;_folderpath%2FPublic%2FReports%2FStoredProcesses%2FChronicAbsenteeismReport&amp;_districtprint=&amp;_district&amp;_selectprint=Submit&amp;_p
931      !+arampassprint=Yes&amp;_yearprint=&amp;_year&amp;_subgroupprint=All+Students&amp;_schoolprint=&amp;_school'&gt;Attendance&lt;/a&gt;&lt;/li&gt;";
<em><font color=green>WARNING: The quoted string currently being processed has become more than 262 characters long.  You might have unbalanced quotation marks.
</font></em>932       +			put "				&lt;li&gt;&lt;a TARGET=_self
932      !+href='&amp;_websrvname/SASStoredProcess/do?_program=%2FCTDOE%2F&amp;_folderpath%2FPublic%2FReports%2FStoredProcesses%2FDisciplineReport&amp;_districtprint=&amp;_district&amp;_selectprint=Submit&amp;_parampass
932      !+print=Yes&amp;_yearprint=&amp;_year&amp;_schoolprint=&amp;_school'&gt;Discipline&lt;/a&gt;&lt;/li&gt;";
<em><font color=green>WARNING: The quoted string currently being processed has become more than 262 characters long.  You might have unbalanced quotation marks.
</font></em>933       +			put "				&lt;li&gt;&lt;a TARGET=_self href='&amp;_websrvname/SASStoredProcess/do?_program=%2FCTDOE%2F&amp;_folderpath%2FPublic%2FReports%2FStoredProcesses%2FEnglishLearnersReport'&gt;English
933      !+Learners&lt;/a&gt;&lt;/li&gt;";
934       +			put "				&lt;li&gt;&lt;a TARGET=_self
934      !+href='&amp;_websrvname/SASStoredProcess/do?_program=%2FCTDOE%2F&amp;_folderpath%2FPublic%2FReports%2FStoredProcesses%2FEnrollmentReport&amp;_districtprint=&amp;_district&amp;_selectprint=Submit&amp;_parampass
934      !+print=Yes&amp;_yearprint=&amp;_year&amp;_schoolprint=&amp;_school'&gt;Enrollment Counts&lt;/a&gt;&lt;/li&gt;";
<em><font color=green>WARNING: The quoted string currently being processed has become more than 262 characters long.  You might have unbalanced quotation marks.
</font></em>                                                                                          The SAS System

935       +			put "				&lt;li&gt;&lt;a TARGET=_self
935      !+href='&amp;_websrvname/SASStoredProcess/do?_program=%2FCTDOE%2F&amp;_folderpath%2FPublic%2FReports%2FStoredProcesses%2FPrimaryDisabilityReport&amp;_yearprint=&amp;_year&amp;_Districtprint=&amp;_district&amp;_para
935      !+mpassprint=Yes&amp;_selectprint=Submit'&gt;Students with Disabilities&lt;/a&gt;&lt;/li&gt;";
<em><font color=green>WARNING: The quoted string currently being processed has become more than 262 characters long.  You might have unbalanced quotation marks.
</font></em>936       +
937       +			put '			&lt;/ul&gt;
938       +						&lt;/li&gt;
939       +						&lt;li&gt;&lt;a href=""&gt;Educators&lt;/a&gt;
940       +							&lt;ul&gt;
941       +				';
942       +
943       +			put "				&lt;li&gt;&lt;a TARGET=_self
943      !+href='&amp;_websrvname/SASStoredProcess/do?_program=%2FCTDOE%2F&amp;_folderpath%2FPublic%2FReports%2FStoredProcesses%2FStaffingRaceReport&amp;_districtprint=&amp;_district&amp;_selectprint=Submit&amp;_parampa
943      !+ssprint=Yes&amp;_yearprint=&amp;_year&amp;_subgroupprint=All&amp;_schoolprint=&amp;_school'&gt;Demographics&lt;/a&gt;&lt;/li&gt;";
<em><font color=green>WARNING: The quoted string currently being processed has become more than 262 characters long.  You might have unbalanced quotation marks.
</font></em>944       +			put "				&lt;li&gt;&lt;a TARGET=_self
944      !+href='&amp;_websrvname/SASStoredProcess/do?_program=%2FCTDOE%2F&amp;_folderpath%2FPublic%2FReports%2FStoredProcesses%2FHQTReport&amp;_districtprint=&amp;_district&amp;_selectprint=Submit&amp;_parampassprint=Y
944      !+es&amp;_yearprint=&amp;_year&amp;_schoolprint=&amp;_school'&gt;Qualifications&lt;/a&gt;&lt;/li&gt;";
<em><font color=green>WARNING: The quoted string currently being processed has become more than 262 characters long.  You might have unbalanced quotation marks.
</font></em>945       +			put "				&lt;li&gt;&lt;a TARGET=_self
945      !+href='&amp;_websrvname/SASStoredProcess/do?_program=%2FCTDOE%2F&amp;_folderpath%2FPublic%2FReports%2FStoredProcesses%2FFTEStaffingReport&amp;_districtprint=&amp;_district&amp;_selectprint=Submit&amp;_parampas
945      !+sprint=Yes&amp;_yearprint=&amp;_year&amp;_filterbyprint=All&amp;_subgroupprint=&amp;_schoolprint=&amp;_school'&gt;Staffing Levels&lt;/a&gt;&lt;/li&gt;";
<em><font color=green>WARNING: The quoted string currently being processed has become more than 262 characters long.  You might have unbalanced quotation marks.
</font></em>946       +
947       +/*				put '&lt;li &gt;&lt;a TARGET=_self href="'; put "&amp;_websrvname"; put '/SASStoredProcess/do?_program=%2FCTDOE%2F';*/
948       +/*				put "&amp;_folderpath"; put '%2FPublic%2FReports%2FStoredProcesses%2FSalaryReport"&gt;Salary&lt;/a&gt;&lt;/li&gt;';*/
949       +
950       +			put	'			&lt;/ul&gt;
951       +						&lt;/li&gt;
952       +						&lt;li&gt;&lt;a href=""&gt;Instruction&lt;/a&gt;
953       +							&lt;ul&gt;
954       +				';
955       +
956       +/*			put '&lt;li &gt;&lt;a TARGET=_self href="'; put "&amp;_websrvname"; put '/SASStoredProcess/do?_program=%2FCTDOE%2F';*/
957       +/*			put "&amp;_folderpath"; put '%2FPublic%2FReports%2FStoredProcesses%2FClassSizeReport"&gt;Class Size&lt;/a&gt;&lt;/li&gt;';*/
958       +			put "				&lt;li&gt;&lt;a TARGET=_self
958      !+href='&amp;_websrvname/SASStoredProcess/do?_program=%2FCTDOE%2F&amp;_folderpath%2FPublic%2FReports%2FStoredProcesses%2FCCRCourseTakingReport&amp;_districtprint=&amp;_district&amp;_selectprint=Submit&amp;_para
958      !+mpassprint=Yes&amp;_yearprint=&amp;_year&amp;_subgroup=&amp;_schoolprint='&gt;Courses&lt;/a&gt;&lt;/li&gt;";
                                                                                          The SAS System

<em><font color=green>WARNING: The quoted string currently being processed has become more than 262 characters long.  You might have unbalanced quotation marks.
</font></em>959       +/*			put "				&lt;li&gt;&lt;a TARGET=_self href='&amp;_websrvname/SASStoredProcess/do?_program=%2FCTDOE%2F&amp;_folderpath%2FPublic%2FReports%2FStoredProcesses%2FCourseTakingReport'&gt;Courses&lt;/a&gt;&lt;/li&gt;";
959      !+*/
960       +			put "				&lt;li&gt;&lt;a TARGET=_self href='&amp;_websrvname/SASStoredProcess/do?_program=%2FCTDOE%2F&amp;_folderpath%2FPublic%2FReports%2FStoredProcesses%2FResourcesReport'&gt;Resources&lt;/a&gt;&lt;/li&gt;";
961       +
962       +			put '
963       +							&lt;/ul&gt;
964       +						&lt;/li&gt;	
965       +						&lt;li&gt;&lt;a href=""&gt;Performance&lt;/a&gt;
966       +							&lt;ul&gt;
967       +				';
968       +
969       +			put "				&lt;li&gt;&lt;a TARGET=_self
969      !+href='&amp;_websrvname/SASStoredProcess/do?_program=%2FCTDOE%2F&amp;_folderpath%2FPublic%2FReports%2FStoredProcesses%2FCMTCAPTScienceReport&amp;_yearprint=&amp;_year&amp;_districtprint=&amp;_district&amp;_subgrou
969      !+pprint=All+Students&amp;_gradeprint=All+Grades+Combined&amp;_schoolprint=+&amp;_selectprint=Submit&amp;_parampassprint=Yes'&gt;CMT/CAPT&lt;/a&gt;&lt;/li&gt;";
<em><font color=green>WARNING: The quoted string currently being processed has become more than 262 characters long.  You might have unbalanced quotation marks.
</font></em>970       +			put "				&lt;li&gt;&lt;a TARGET=_self
970      !+href='&amp;_websrvname/SASStoredProcess/do?_program=%2FCTDOE%2F&amp;_folderpath%2FPublic%2FReports%2FStoredProcesses%2FCollegeEntranceandPersistenceReport&amp;_districtprint=&amp;_district&amp;_selectprin
970      !+t=Submit&amp;_parampassprint=Yes&amp;_yearprint=&amp;_year&amp;_schoolprint=&amp;_school'&gt;College/Postsecondary&lt;/a&gt;&lt;/li&gt;";				
<em><font color=green>WARNING: The quoted string currently being processed has become more than 262 characters long.  You might have unbalanced quotation marks.
</font></em>971       +			put "				&lt;li&gt;&lt;a TARGET=_self
971      !+href='&amp;_websrvname/SASStoredProcess/do?_program=%2FCTDOE%2F&amp;_folderpath%2FPublic%2FReports%2FStoredProcesses%2FGraduationReport&amp;_districtprint=&amp;_district&amp;_selectprint=Submit&amp;_parampass
971      !+print=Yes&amp;_yearprint=&amp;_year&amp;_subgroupprint=All+Students&amp;_schoolprint='&gt;Graduation Rates&lt;/a&gt;&lt;/li&gt;";	
<em><font color=green>WARNING: The quoted string currently being processed has become more than 262 characters long.  You might have unbalanced quotation marks.
</font></em>972       +			put "				&lt;li&gt;&lt;a TARGET=_self href='&amp;_websrvname/SASStoredProcess/do?_program=%2FCTDOE%2F&amp;_folderpath%2FPublic%2FReports%2FStoredProcesses%2FK3Report'&gt;K-3&lt;/a&gt;&lt;/li&gt;";
973       +			put "				&lt;li&gt;&lt;a TARGET=_self
973      !+href='&amp;_websrvname/SASStoredProcess/do?_program=%2FCTDOE%2F&amp;_folderpath%2FPublic%2FReports%2FStoredProcesses%2FPhysicalFitnessTestReport&amp;_yearprint=&amp;_year&amp;_districtprint=&amp;_district&amp;_su
973      !+bgroupprint=+&amp;_gradeprint=All+Grades+Combined&amp;_schoolprint=&amp;_school&amp;_selectprint=Submit&amp;_parampassprint=Yes'&gt;Physical Fitness&lt;/a&gt;&lt;/li&gt;";
<em><font color=green>WARNING: The quoted string currently being processed has become more than 262 characters long.  You might have unbalanced quotation marks.
</font></em>974       +			put "				&lt;li&gt;&lt;a TARGET=_self
974      !+href='&amp;_websrvname/SASStoredProcess/do?_program=%2FCTDOE%2F&amp;_folderpath%2FPublic%2FReports%2FStoredProcesses%2FCTSchoolDaySATReport&amp;_yearprint=&amp;_year&amp;_districtprint=&amp;_district&amp;_subject
974      !+print=All+Subjects&amp;_subgroupprint=All+Students&amp;_selectprint=Submit&amp;_parampassprint=Yes&amp;_schoolprint=&amp;_school'&gt;SAT/AP/PSAT&lt;/a&gt;&lt;/li&gt;";
<em><font color=green>WARNING: The quoted string currently being processed has become more than 262 characters long.  You might have unbalanced quotation marks.
</font></em>975       +			put "				&lt;li&gt;&lt;a TARGET=_self
975      !+href='&amp;_websrvname/SASStoredProcess/do?_program=%2FCTDOE%2F&amp;_folderpath%2FPublic%2FReports%2FStoredProcesses%2FSmarterBalancedAssessmentReport&amp;_districtprint=&amp;_district&amp;_yearprint=&amp;_ye
975      !+ar&amp;_subgroupprint=All+Students&amp;_gradeprint=All+Grades+Combined&amp;_schoolprint=+&amp;_subjectprint=ELA+and+Math&amp;_selectprint=Submit&amp;_parampassprint=Yes'&gt;Smarter Balanced&lt;/a&gt;&lt;/li&gt;";
<em><font color=green>WARNING: The quoted string currently being processed has become more than 262 characters long.  You might have unbalanced quotation marks.
</font></em>976       +
                                                                                          The SAS System

977       +			put '			&lt;/ul&gt;
978       +						&lt;/li&gt;	
979       +				';
980       +
981       +		%end;
982       +
983       +
984       +	/******			NON-IE GLOBAL NON-SEARCH REPORTS END			******/
985       +
986       +
987       +	/******			NON-IE GLOBAL SEARCH REPORTS START			******/
988       +
989       +		/*  This section creates the global navigation menu for the OrgSearch and PeopleSearch STPs only.
990       +			Parameters common in the reports passed. Report is displayed via setting the _select macro variable to Submit after all required
991       +			parameters have been passed. Any subsequent parameters will be passed as well.
992       +		*/
993       +		%else %if "&amp;reportname" = "orgsearch" or "&amp;reportname" = "peoplesearch" %then %do;
994       +			put '	&lt;li&gt;&lt;a href=""&gt;Overview&lt;/a&gt;
995       +						&lt;ul&gt;
996       +				';
997       +
998       +			%if %length(&amp;orgdistrict) &gt; 0 and %length(&amp;orgname) = 0  %then %do;
999       +				put "		&lt;li&gt;&lt;a TARGET=_self
999      !+href='&amp;_websrvname/SASStoredProcess/do?_program=%2FCTDOE%2F&amp;_folderpath%2FPublic%2FReports%2FStoredProcesses%2FOrgSearchReport&amp;_parampassprint=Yes&amp;orgdistrictprint=&amp;orgdistrict'&gt;Find
999      !+School/District&lt;/a&gt;&lt;/li&gt;";				
1000      +			%end;
1001      +			%else %if %length(&amp;orgdistrict) &gt; 0 and %length(&amp;orgname) &gt; 0 %then %do;
1002      +				put "		&lt;li&gt;&lt;a TARGET=_self
1002     !+href='&amp;_websrvname/SASStoredProcess/do?_program=%2FCTDOE%2F&amp;_folderpath%2FPublic%2FReports%2FStoredProcesses%2FOrgSearchReport&amp;_parampassprint=Yes&amp;orgdistrictprint=&amp;orgdistrict&amp;orgname
1002     !+print=&amp;orgname'&gt;Find School/District&lt;/a&gt;&lt;/li&gt;";				
1003      +			%end;
1004      +			%else %if %length(&amp;orgdistrict) = 0 and %length(&amp;orgname) &gt; 0 %then %do;
1005      +				put "		&lt;li&gt;&lt;a TARGET=_self
1005     !+href='&amp;_websrvname/SASStoredProcess/do?_program=%2FCTDOE%2F&amp;_folderpath%2FPublic%2FReports%2FStoredProcesses%2FOrgSearchReport&amp;_parampassprint=Yes&amp;orgnameprint=&amp;orgname'&gt;Find
1005     !+School/District&lt;/a&gt;&lt;/li&gt;";				
1006      +			%end;
1007      +			%else %do;
1008      +				put "		&lt;li&gt;&lt;a TARGET=_self
                                                                                          The SAS System

1008     !+href='&amp;_websrvname/SASStoredProcess/do?_program=%2FCTDOE%2F&amp;_folderpath%2FPublic%2FReports%2FStoredProcesses%2FOrgSearchReport&amp;_parampassprint=Yes&amp;orgdistrictprint=&amp;orgdistrict'&gt;Find
1008     !+School/District&lt;/a&gt;&lt;/li&gt;";				
1009      +			%end;
1010      +
1011      +			%if %length(&amp;orgdistrict) &gt; 0 and %length(&amp;orgname) = 0  %then %do;
1012      +				put "		&lt;li&gt;&lt;a TARGET=_self
1012     !+href='&amp;_websrvname/SASStoredProcess/do?_program=%2FCTDOE%2F&amp;_folderpath%2FPublic%2FReports%2FStoredProcesses%2FPeopleSearchReport&amp;_parampassprint=Yes&amp;orgdistrictprint=&amp;orgdistrict'&gt;Fin
1012     !+d Staff&lt;/a&gt;&lt;/li&gt;";				
1013      +			%end;
1014      +			%else %if %length(&amp;orgdistrict) &gt; 0 and %length(&amp;orgname) &gt; 0 %then %do;
1015      +				put "		&lt;li&gt;&lt;a TARGET=_self
1015     !+href='&amp;_websrvname/SASStoredProcess/do?_program=%2FCTDOE%2F&amp;_folderpath%2FPublic%2FReports%2FStoredProcesses%2FPeopleSearchReport&amp;_parampassprint=Yes&amp;orgdistrictprint=&amp;orgdistrict&amp;orgn
1015     !+ameprint=&amp;orgname'&gt;Find Staff&lt;/a&gt;&lt;/li&gt;";				
1016      +			%end;
1017      +			%else %if %length(&amp;orgdistrict) = 0 and %length(&amp;orgname) &gt; 0 %then %do;
1018      +				put "		&lt;li&gt;&lt;a TARGET=_self
1018     !+href='&amp;_websrvname/SASStoredProcess/do?_program=%2FCTDOE%2F&amp;_folderpath%2FPublic%2FReports%2FStoredProcesses%2FPeopleSearchReport&amp;_parampassprint=Yes&amp;orgnameprint=&amp;orgname'&gt;Find
1018     !+Staff&lt;/a&gt;&lt;/li&gt;";				
1019      +			%end;
1020      +			%else %do;
1021      +				put "		&lt;li&gt;&lt;a TARGET=_self
1021     !+href='&amp;_websrvname/SASStoredProcess/do?_program=%2FCTDOE%2F&amp;_folderpath%2FPublic%2FReports%2FStoredProcesses%2FPeopleSearchReport&amp;_parampassprint=Yes&amp;orgdistrictprint=&amp;orgdistrict'&gt;Fin
1021     !+d Staff&lt;/a&gt;&lt;/li&gt;";				
1022      +			%end;
1023      +
1024      +			%if %length(&amp;orgdistrict) &gt; 0 %then %do;
1025      +				put "		&lt;li&gt;&lt;a TARGET=_self
1025     !+href='&amp;_websrvname/SASStoredProcess/do?_program=%2FCTDOE%2F&amp;_folderpath%2FPublic%2FReports%2FStoredProcesses%2FFinanceReport&amp;_districtprint=&amp;orgdistrict&amp;_selectprint=Submit&amp;_parampassp
1025     !+rint=Yes&amp;_yearprint=Trend'&gt;Fiscal Resources&lt;/a&gt;&lt;/li&gt;";
1026      +			%end;
1027      +			%else %do;
1028      +				put "		&lt;li&gt;&lt;a TARGET=_self
1028     !+href='&amp;_websrvname/SASStoredProcess/do?_program=%2FCTDOE%2F&amp;_folderpath%2FPublic%2FReports%2FStoredProcesses%2FFinanceReport&amp;_districtprint=State%20of%20Connecticut&amp;_selectprint=Submit
1028     !+&amp;_parampassprint=Yes&amp;_yearprint=Trend'&gt;Fiscal Resources&lt;/a&gt;&lt;/li&gt;";
<em><font color=green>WARNING: The quoted string currently being processed has become more than 262 characters long.  You might have unbalanced quotation marks.
</font></em>1029      +			%end;
1030      +
1031      +			%if %length(&amp;orgdistrict) &gt; 0 %then %do;
                                                                                          The SAS System

1032      +				put "		&lt;li style='height: 25px;'&gt;&lt;a TARGET=_self
1032     !+href='&amp;_websrvname/SASStoredProcess/do?_program=%2FCTDOE%2F&amp;_folderpath%2FPublic%2FReports%2FStoredProcesses%2FProfilePerformanceReport&amp;_districtprint=&amp;orgdistrict&amp;_selectprint=Submit&amp;
1032     !+_parampassprint=Yes&amp;_yearprint=All Years'&gt;Profile and Performance Reports&lt;/a&gt;&lt;/li&gt;";
<em><font color=green>WARNING: The quoted string currently being processed has become more than 262 characters long.  You might have unbalanced quotation marks.
</font></em>1033      +			%end;
1034      +			%else %do;
1035      +				put "		&lt;li style='height: 25px;'&gt;&lt;a TARGET=_self
1035     !+href='&amp;_websrvname/SASStoredProcess/do?_program=%2FCTDOE%2F&amp;_folderpath%2FPublic%2FReports%2FStoredProcesses%2FProfilePerformanceReport&amp;_defaultprint=Yes&amp;_selectprint=Submit'&gt;Profile
1035     !+and Performance Reports&lt;/a&gt;&lt;/li&gt;";
1036      +			%end;
1037      +
1038      +			%if %length(&amp;orgdistrict) &gt; 0 %then %do;
1039      +				put "		&lt;li style='height: 25px;'&gt;&lt;a TARGET=_self
1039     !+href='&amp;_websrvname/SASStoredProcess/do?_program=%2FCTDOE%2F&amp;_folderpath%2FPublic%2FReports%2FStoredProcesses%2FSpecEdAPRReport&amp;_districtprint=&amp;orgdistrict&amp;_selectprint=Submit&amp;_parampas
1039     !+sprint=Yes&amp;_yearprint=Trend'&gt;Special Education Annual Performance Reports&lt;/a&gt;&lt;/li&gt;";
<em><font color=green>WARNING: The quoted string currently being processed has become more than 262 characters long.  You might have unbalanced quotation marks.
</font></em>1040      +			%end;
1041      +			%else %do;
1042      +				put "		&lt;li style='height: 25px;'&gt;&lt;a TARGET=_self
1042     !+href='&amp;_websrvname/SASStoredProcess/do?_program=%2FCTDOE%2F&amp;_folderpath%2FPublic%2FReports%2FStoredProcesses%2FSpecEdAPRReport&amp;_districtprint=State%20of%20Connecticut&amp;_selectprint=Subm
1042     !+it&amp;_parampassprint=Yes&amp;_yearprint=All Years'&gt;Special Education Annual Performance Reports&lt;/a&gt;&lt;/li&gt;";
<em><font color=green>WARNING: The quoted string currently being processed has become more than 262 characters long.  You might have unbalanced quotation marks.
</font></em>1043      +			%end;
1044      +
1045      +			put '		&lt;/ul&gt;
1046      +				  	&lt;/li&gt;
1047      +				';
1048      +
1049      +			/* This handles passing default parameters from orgsearch/peoplesearch where no district has been selected by the user.
1050      +			 If district has a value, that value is passed. Otherwise, the hardcoded district State of Connecticut is passed
1051      +			 This is from people/orgsearch to studenthome, enrollment, and sanctions reports via globalnav
1052      +			*/
1053      +			put '	&lt;li&gt;&lt;a href=""&gt;Students&lt;/a&gt;';
1054      +			put '		&lt;ul&gt;';
1055      +
1056      +			%if %length(&amp;orgdistrict) &gt; 0 %then %do;
1057      +				put "		&lt;li&gt;&lt;a TARGET=_self
1057     !+href='&amp;_websrvname/SASStoredProcess/do?_program=%2FCTDOE%2F&amp;_folderpath%2FPublic%2FReports%2FStoredProcesses%2FChronicAbsenteeismReport&amp;_districtprint=&amp;orgdistrict&amp;_selectprint=Submit&amp;
                                                                                          The SAS System

1057     !+_parampassprint=Yes&amp;_yearprint=Trend&amp;_subgroupprint=All+Students&amp;_schoolprint=&amp;orgname'&gt;Attendance&lt;/a&gt;&lt;/li&gt;";
<em><font color=green>WARNING: The quoted string currently being processed has become more than 262 characters long.  You might have unbalanced quotation marks.
</font></em>1058      +			%end;
1059      +			%else %do;
1060      +				put "		&lt;li&gt;&lt;a TARGET=_self
1060     !+href='&amp;_websrvname/SASStoredProcess/do?_program=%2FCTDOE%2F&amp;_folderpath%2FPublic%2FReports%2FStoredProcesses%2FChronicAbsenteeismReport&amp;_districtprint=State%20of%20Connecticut&amp;_selectp
1060     !+rint=Submit&amp;_yearprint=Trend&amp;_parampassprint=Yes&amp;_subgroupprint=All+Students&amp;_schoolprint=&amp;orgname'&gt;Attendance&lt;/a&gt;&lt;/li&gt;";
<em><font color=green>WARNING: The quoted string currently being processed has become more than 262 characters long.  You might have unbalanced quotation marks.
</font></em>1061      +			%end;
1062      +
1063      +			%if %length(&amp;orgdistrict) &gt; 0 %then %do;
1064      +				put "		&lt;li&gt;&lt;a TARGET=_self
1064     !+href='&amp;_websrvname/SASStoredProcess/do?_program=%2FCTDOE%2F&amp;_folderpath%2FPublic%2FReports%2FStoredProcesses%2FDisciplineReport&amp;_districtprint=&amp;orgdistrict&amp;_selectprint=Submit&amp;_parampa
1064     !+ssprint=Yes&amp;_yearprint=Trend&amp;_schoolprint=&amp;orgname'&gt;Discipline&lt;/a&gt;&lt;/li&gt;";
<em><font color=green>WARNING: The quoted string currently being processed has become more than 262 characters long.  You might have unbalanced quotation marks.
</font></em>1065      +			%end;
1066      +			%else %do;
1067      +				put "		&lt;li&gt;&lt;a TARGET=_self
1067     !+href='&amp;_websrvname/SASStoredProcess/do?_program=%2FCTDOE%2F&amp;_folderpath%2FPublic%2FReports%2FStoredProcesses%2FDisciplineReport&amp;_districtprint=State%20of%20Connecticut&amp;_selectprint=Sub
1067     !+mit&amp;_parampassprint=Yes&amp;_yearprint=Trend&amp;_schoolprint=&amp;orgname'&gt;Discipline&lt;/a&gt;&lt;/li&gt;";
<em><font color=green>WARNING: The quoted string currently being processed has become more than 262 characters long.  You might have unbalanced quotation marks.
</font></em>1068      +			%end;
1069      +
1070      +			put "		&lt;li&gt;&lt;a TARGET=_self href='&amp;_websrvname/SASStoredProcess/do?_program=%2FCTDOE%2F&amp;_folderpath%2FPublic%2FReports%2FStoredProcesses%2FEnglishLearnersReport'&gt;English
1070     !+Learners&lt;/a&gt;&lt;/li&gt;";
1071      +
1072      +			%if %length(&amp;orgdistrict) &gt; 0 %then %do;
1073      +				put "		&lt;li&gt;&lt;a TARGET=_self
1073     !+href='&amp;_websrvname/SASStoredProcess/do?_program=%2FCTDOE%2F&amp;_folderpath%2FPublic%2FReports%2FStoredProcesses%2FEnrollmentReport&amp;_districtprint=&amp;orgdistrict&amp;_selectprint=Submit&amp;_parampa
1073     !+ssprint=Yes&amp;_yearprint=Trend&amp;_schoolprint=&amp;orgname'&gt;Enrollment Counts&lt;/a&gt;&lt;/li&gt;";
<em><font color=green>WARNING: The quoted string currently being processed has become more than 262 characters long.  You might have unbalanced quotation marks.
</font></em>1074      +			%end;
1075      +			%else %do;
1076      +				put "		&lt;li&gt;&lt;a TARGET=_self
1076     !+href='&amp;_websrvname/SASStoredProcess/do?_program=%2FCTDOE%2F&amp;_folderpath%2FPublic%2FReports%2FStoredProcesses%2FEnrollmentReport&amp;_districtprint=State%20of%20Connecticut&amp;_selectprint=Sub
1076     !+mit&amp;_yearprint=Trend&amp;_parampassprint=Yes&amp;_schoolprint=&amp;orgname'&gt;Enrollment Counts&lt;/a&gt;&lt;/li&gt;";
<em><font color=green>WARNING: The quoted string currently being processed has become more than 262 characters long.  You might have unbalanced quotation marks.
</font></em>1077      +			%end;
                                                                                          The SAS System

1078      +
1079      +			%if %length(&amp;orgdistrict) &gt; 0 %then %do;
1080      +				put "		&lt;li&gt;&lt;a TARGET=_self
1080     !+href='&amp;_websrvname/SASStoredProcess/do?_program=%2FCTDOE%2F&amp;_folderpath%2FPublic%2FReports%2FStoredProcesses%2FPrimaryDisabilityReport&amp;_districtprint=&amp;orgdistrict&amp;_selectprint=Submit&amp;_
1080     !+parampassprint=Yes&amp;_yearprint=Trend'&gt;Students with Disabilities&lt;/a&gt;&lt;/li&gt;";
<em><font color=green>WARNING: The quoted string currently being processed has become more than 262 characters long.  You might have unbalanced quotation marks.
</font></em>1081      +			%end;
1082      +			%else %do;
1083      +				put "		&lt;li&gt;&lt;a TARGET=_self
1083     !+href='&amp;_websrvname/SASStoredProcess/do?_program=%2FCTDOE%2F&amp;_folderpath%2FPublic%2FReports%2FStoredProcesses%2FPrimaryDisabilityReport&amp;_yearprint=Trend&amp;_Districtprint=State of
1083     !+Connecticut&amp;_selectprint=Submit'&gt;Students with Disabilities&lt;/a&gt;&lt;/li&gt;";
<em><font color=green>WARNING: The quoted string currently being processed has become more than 262 characters long.  You might have unbalanced quotation marks.
</font></em>1084      +			%end;
1085      +
1086      +			put '		&lt;/ul&gt;
1087      +					&lt;/li&gt;
1088      +					&lt;li&gt;&lt;a href=""&gt;Educators&lt;/a&gt;
1089      +						&lt;ul&gt;
1090      +				';
1091      +
1092      +			%if %length(&amp;orgdistrict) &gt; 0 %then %do;
1093      +				put "		&lt;li&gt;&lt;a TARGET=_self
1093     !+href='&amp;_websrvname/SASStoredProcess/do?_program=%2FCTDOE%2F&amp;_folderpath%2FPublic%2FReports%2FStoredProcesses%2FStaffingRaceReport&amp;_districtprint=&amp;orgdistrict&amp;_selectprint=Submit&amp;_param
1093     !+passprint=Yes&amp;_yearprint=Trend&amp;_subgroupprint=All'&gt;Demographics&lt;/a&gt;&lt;/li&gt;";
<em><font color=green>WARNING: The quoted string currently being processed has become more than 262 characters long.  You might have unbalanced quotation marks.
</font></em>1094      +			%end;
1095      +			%else %do;
1096      +				put "		&lt;li&gt;&lt;a TARGET=_self
1096     !+href='&amp;_websrvname/SASStoredProcess/do?_program=%2FCTDOE%2F&amp;_folderpath%2FPublic%2FReports%2FStoredProcesses%2FStaffingRaceReport&amp;_defaultprint=Yes&amp;_selectprint=Submit&amp;_parampassprint=
1096     !+Yes'&gt;Demographics&lt;/a&gt;&lt;/li&gt;";
1097      +			%end;
1098      +
1099      +			%if %length(&amp;orgdistrict) &gt; 0 %then %do;
1100      +				put "		&lt;li&gt;&lt;a TARGET=_self
1100     !+href='&amp;_websrvname/SASStoredProcess/do?_program=%2FCTDOE%2F&amp;_folderpath%2FPublic%2FReports%2FStoredProcesses%2FHQTReport&amp;_districtprint=&amp;orgdistrict&amp;_selectprint=Submit&amp;_parampassprint
1100     !+=Yes&amp;_yearprint=Trend'&gt;Qualifications&lt;/a&gt;&lt;/li&gt;";
1101      +			%end;
1102      +			%else %do;
                                                                                          The SAS System

1103      +				put "		&lt;li&gt;&lt;a TARGET=_self
1103     !+href='&amp;_websrvname/SASStoredProcess/do?_program=%2FCTDOE%2F&amp;_folderpath%2FPublic%2FReports%2FStoredProcesses%2FHQTReport&amp;_yearprint=Trend&amp;_districtprint=State+of+Connecticut&amp;_selectpri
1103     !+nt=Submit&amp;_parampassprint=Yes'&gt;Qualifications&lt;/a&gt;&lt;/li&gt;";
1104      +			%end;
1105      +
1106      +			%if %length(&amp;orgdistrict) &gt; 0 %then %do;
1107      +				put "		&lt;li&gt;&lt;a TARGET=_self
1107     !+href='&amp;_websrvname/SASStoredProcess/do?_program=%2FCTDOE%2F&amp;_folderpath%2FPublic%2FReports%2FStoredProcesses%2FFTEStaffingReport&amp;_districtprint=&amp;orgdistrict&amp;_selectprint=Submit&amp;_paramp
1107     !+assprint=Yes&amp;_yearprint=Trend&amp;_filterbyprint=All&amp;_subgroupprint='&gt;Staffing Levels&lt;/a&gt;&lt;/li&gt;";
<em><font color=green>WARNING: The quoted string currently being processed has become more than 262 characters long.  You might have unbalanced quotation marks.
</font></em>1108      +			%end;
1109      +			%else %do;
1110      +				put "		&lt;li&gt;&lt;a TARGET=_self
1110     !+href='&amp;_websrvname/SASStoredProcess/do?_program=%2FCTDOE%2F&amp;_folderpath%2FPublic%2FReports%2FStoredProcesses%2FFTEStaffingReport&amp;_defaultprint=Yes&amp;_selectprint=Submit&amp;_parampassprint=Y
1110     !+es'&gt;Staffing Levels&lt;/a&gt;&lt;/li&gt;";
1111      +			%end;
1112      +
1113      +
1114      +			put '		&lt;/ul&gt;
1115      +					&lt;/li&gt;
1116      +					&lt;li&gt;&lt;a href=""&gt;Instruction&lt;/a&gt;
1117      +						&lt;ul&gt;
1118      +				';
1119      +
1120      +/*				put '&lt;li &gt;&lt;a TARGET=_self href="'; put "&amp;_websrvname"; put '/SASStoredProcess/do?_program=%2FCTDOE%2F';*/
1121      +/*				put "&amp;_folderpath"; put '%2FPublic%2FReports%2FStoredProcesses%2FClassSizeReport"&gt;Class Size&lt;/a&gt;&lt;/li&gt;';*/
1122      +
1123      +			%if %length(&amp;orgdistrict) &gt; 0 %then %do;
1124      +				put "		&lt;li&gt;&lt;a TARGET=_self
1124     !+href='&amp;_websrvname/SASStoredProcess/do?_program=%2FCTDOE%2F&amp;_folderpath%2FPublic%2FReports%2FStoredProcesses%2FCCRCourseTakingReport&amp;_yearprint=Trend&amp;_districtprint=&amp;orgdistrict&amp;_selec
1124     !+tprint=Submit&amp;_subgroupprint=&amp;_schoolprint='&gt;Courses&lt;/a&gt;&lt;/li&gt;";
<em><font color=green>WARNING: The quoted string currently being processed has become more than 262 characters long.  You might have unbalanced quotation marks.
</font></em>1125      +			%end;
1126      +			%else %do;
1127      +				put "		&lt;li&gt;&lt;a TARGET=_self
1127     !+href='&amp;_websrvname/SASStoredProcess/do?_program=%2FCTDOE%2F&amp;_folderpath%2FPublic%2FReports%2FStoredProcesses%2FCCRCourseTakingReport&amp;_yearprint=Trend&amp;_districtprint=State+of+Connecticu
1127     !+t&amp;_selectprint=Submit&amp;_subgroupprint=&amp;_schoolprint='&gt;Courses&lt;/a&gt;&lt;/li&gt;";
<em><font color=green>WARNING: The quoted string currently being processed has become more than 262 characters long.  You might have unbalanced quotation marks.
</font></em>                                                                                          The SAS System

1128      +			%end;
1129      +
1130      +/*			put "			&lt;li&gt;&lt;a TARGET=_self href='&amp;_websrvname/SASStoredProcess/do?_program=%2FCTDOE%2F&amp;_folderpath%2FPublic%2FReports%2FStoredProcesses%2FCourseTakingReport'&gt;Courses&lt;/a&gt;&lt;/li&gt;";*/
1131      +			put "			&lt;li&gt;&lt;a TARGET=_self href='&amp;_websrvname/SASStoredProcess/do?_program=%2FCTDOE%2F&amp;_folderpath%2FPublic%2FReports%2FStoredProcesses%2FResourcesReport'&gt;Resources&lt;/a&gt;&lt;/li&gt;";
1132      +
1133      +			put '		&lt;/ul&gt;
1134      +				 	&lt;/li&gt;	
1135      +					&lt;li&gt;&lt;a href=""&gt;Performance&lt;/a&gt;
1136      +						&lt;ul&gt;
1137      +				';
1138      +
1139      +			%if %length(&amp;orgdistrict) &gt; 0 %then %do;
1140      +				put "		&lt;li&gt;&lt;a TARGET=_self
1140     !+href='&amp;_websrvname/SASStoredProcess/do?_program=%2FCTDOE%2F&amp;_folderpath%2FPublic%2FReports%2FStoredProcesses%2FCMTCAPTScienceReport&amp;_districtprint=&amp;orgdistrict&amp;_yearprint=2015-16&amp;_subg
1140     !+roupprint=All+Students&amp;_gradeprint=All+Grades+Combined&amp;_schoolprint=+&amp;_selectprint=Submit&amp;_parampassprint=Yes'&gt;CMT/CAPT&lt;/a&gt;&lt;/li&gt;";
<em><font color=green>WARNING: The quoted string currently being processed has become more than 262 characters long.  You might have unbalanced quotation marks.
</font></em>1141      +			%end;
1142      +			%else %do;
1143      +				put "		&lt;li&gt;&lt;a TARGET=_self
1143     !+href='&amp;_websrvname/SASStoredProcess/do?_program=%2FCTDOE%2F&amp;_folderpath%2FPublic%2FReports%2FStoredProcesses%2FCMTCAPTScienceReport&amp;_districtprint=State+of+Connecticut&amp;_yearprint=2015-
1143     !+16&amp;_subgroupprint=All+Students&amp;_gradeprint=All+Grades+Combined&amp;_schoolprint=+&amp;_selectprint=Submit&amp;_parampassprint=Yes'&gt;CMT/CAPT&lt;/a&gt;&lt;/li&gt;";
<em><font color=green>WARNING: The quoted string currently being processed has become more than 262 characters long.  You might have unbalanced quotation marks.
</font></em>1144      +			%end;
1145      +
1146      +			%if %length(&amp;orgdistrict) &gt; 0 %then %do;
1147      +				put "		&lt;li&gt;&lt;a TARGET=_self
1147     !+href='&amp;_websrvname/SASStoredProcess/do?_program=%2FCTDOE%2F&amp;_folderpath%2FPublic%2FReports%2FStoredProcesses%2FCollegeEntranceandPersistenceReport&amp;_districtprint=&amp;orgdistrict&amp;_selectpr
1147     !+int=Submit&amp;_parampassprint=Yes&amp;_yearprint=Trend&amp;_schoolprint=&amp;orgname'&gt;College/Postsecondary&lt;/a&gt;&lt;/li&gt;";
<em><font color=green>WARNING: The quoted string currently being processed has become more than 262 characters long.  You might have unbalanced quotation marks.
</font></em>1148      +			%end;
1149      +			%else %do;
1150      +				put "		&lt;li&gt;&lt;a TARGET=_self
1150     !+href='&amp;_websrvname/SASStoredProcess/do?_program=%2FCTDOE%2F&amp;_folderpath%2FPublic%2FReports%2FStoredProcesses%2FCollegeEntranceandPersistenceReport&amp;_districtprint=State%20of%20Connectic
1150     !+ut&amp;_selectprint=Submit&amp;_yearprint=Trend&amp;_parampassprint=Yes&amp;_schoolprint=&amp;orgname'&gt;College/Postsecondary&lt;/a&gt;&lt;/li&gt;";
<em><font color=green>WARNING: The quoted string currently being processed has become more than 262 characters long.  You might have unbalanced quotation marks.
</font></em>1151      +			%end;
1152      +
1153      +	
                                                                                          The SAS System

1154      +			%if %length(&amp;orgdistrict) &gt; 0 %then %do;
1155      +				put "		&lt;li&gt;&lt;a TARGET=_self
1155     !+href='&amp;_websrvname/SASStoredProcess/do?_program=%2FCTDOE%2F&amp;_folderpath%2FPublic%2FReports%2FStoredProcesses%2FGraduationReport&amp;_districtprint=&amp;orgdistrict&amp;_selectprint=Submit&amp;_parampa
1155     !+ssprint=Yes&amp;_yearprint=Trend&amp;_subgroupprint=All+Students&amp;_schoolprint='&gt;Graduation Rates&lt;/a&gt;&lt;/li&gt;";
<em><font color=green>WARNING: The quoted string currently being processed has become more than 262 characters long.  You might have unbalanced quotation marks.
</font></em>1156      +			%end;
1157      +			%else %do;
1158      +				put "		&lt;li&gt;&lt;a TARGET=_self
1158     !+href='&amp;_websrvname/SASStoredProcess/do?_program=%2FCTDOE%2F&amp;_folderpath%2FPublic%2FReports%2FStoredProcesses%2FGraduationReport&amp;_districtprint=State%20of%20Connecticut&amp;_selectprint=Sub
1158     !+mit&amp;_yearprint=Trend&amp;_parampassprint=Yes&amp;_subgroupprint=All+Students&amp;_schoolprint='&gt;Graduation Rates&lt;/a&gt;&lt;/li&gt;";
<em><font color=green>WARNING: The quoted string currently being processed has become more than 262 characters long.  You might have unbalanced quotation marks.
</font></em>1159      +			%end;
1160      +		
1161      +			put "			&lt;li&gt;&lt;a TARGET=_self href='&amp;_websrvname/SASStoredProcess/do?_program=%2FCTDOE%2F&amp;_folderpath%2FPublic%2FReports%2FStoredProcesses%2FK3Report'&gt;K-3&lt;/a&gt;&lt;/li&gt;";
1162      +
1163      +			%if %length(&amp;orgdistrict) &gt; 0 %then %do;
1164      +				put "		&lt;li&gt;&lt;a TARGET=_self
1164     !+href='&amp;_websrvname/SASStoredProcess/do?_program=%2FCTDOE%2F&amp;_folderpath%2FPublic%2FReports%2FStoredProcesses%2FPhysicalFitnessTestReport&amp;_districtprint=&amp;orgdistrict&amp;_yearprint=Trend&amp;_s
1164     !+ubgroupprint=+&amp;_gradeprint=All+Grades+Combined&amp;_schoolprint=+&amp;_selectprint=Submit&amp;_parampassprint=Yes'&gt;Physical Fitness&lt;/a&gt;&lt;/li&gt;";
<em><font color=green>WARNING: The quoted string currently being processed has become more than 262 characters long.  You might have unbalanced quotation marks.
</font></em>1165      +			%end;
1166      +			%else %do;
1167      +				put "		&lt;li&gt;&lt;a TARGET=_self
1167     !+href='&amp;_websrvname/SASStoredProcess/do?_program=%2FCTDOE%2F&amp;_folderpath%2FPublic%2FReports%2FStoredProcesses%2FPhysicalFitnessTestReport&amp;_districtprint=State+of+Connecticut&amp;_yearprint=
1167     !+Trend&amp;_subgroupprint=+&amp;_gradeprint=All+Grades+Combined&amp;_schoolprint=+&amp;_selectprint=Submit&amp;_parampassprint=Yes'&gt;Physical Fitness&lt;/a&gt;&lt;/li&gt;";
<em><font color=green>WARNING: The quoted string currently being processed has become more than 262 characters long.  You might have unbalanced quotation marks.
</font></em>1168      +			%end;
1169      +
1170      +			%if %length(&amp;orgdistrict) &gt; 0 %then %do;
1171      +				put "		&lt;li&gt;&lt;a TARGET=_self
1171     !+href='&amp;_websrvname/SASStoredProcess/do?_program=%2FCTDOE%2F&amp;_folderpath%2FPublic%2FReports%2FStoredProcesses%2FCTSchoolDaySATReport&amp;_districtprint=&amp;orgdistrict&amp;_yearprint=2015-16&amp;_subg
1171     !+roupprint=All+Students&amp;_subjectprint=All+Subjects&amp;_schoolprint=+&amp;_selectprint=Submit&amp;_parampassprint=Yes'&gt;SAT/AP/PSAT&lt;/a&gt;&lt;/li&gt;";
<em><font color=green>WARNING: The quoted string currently being processed has become more than 262 characters long.  You might have unbalanced quotation marks.
</font></em>1172      +			%end;
1173      +			%else %do;
1174      +				put "		&lt;li&gt;&lt;a TARGET=_self
1174     !+href='&amp;_websrvname/SASStoredProcess/do?_program=%2FCTDOE%2F&amp;_folderpath%2FPublic%2FReports%2FStoredProcesses%2FCTSchoolDaySATReport&amp;_districtprint=State+of+Connecticut&amp;_yearprint=2015-
1174     !+16&amp;_subgroupprint=All+Students&amp;_subjectprint=All+Subjects&amp;_schoolprint=+&amp;_selectprint=Submit&amp;_parampassprint=Yes'&gt;SAT/AP/PSAT&lt;/a&gt;&lt;/li&gt;";
                                                                                          The SAS System

<em><font color=green>WARNING: The quoted string currently being processed has become more than 262 characters long.  You might have unbalanced quotation marks.
</font></em>1175      +			%end;
1176      +
1177      +			%if %length(&amp;orgdistrict) &gt; 0 %then %do;
1178      +				put "		&lt;li&gt;&lt;a TARGET=_self
1178     !+href='&amp;_websrvname/SASStoredProcess/do?_program=%2FCTDOE%2F&amp;_folderpath%2FPublic%2FReports%2FStoredProcesses%2FSmarterBalancedAssessmentReport&amp;_districtprint=&amp;_district&amp;_yearprint=2015
1178     !+-16&amp;_subgroupprint=All+Students&amp;_grade=All+Grades+Combined&amp;_schoolprint=+&amp;_subjectprint=ELA+and+Math&amp;_selectprint=Submit&amp;_parampassprint=Yes'&gt;Smarter Balanced&lt;/a&gt;&lt;/li&gt;";
<em><font color=green>WARNING: The quoted string currently being processed has become more than 262 characters long.  You might have unbalanced quotation marks.
</font></em>1179      +			%end;
1180      +			%else %do;
1181      +				put "		&lt;li&gt;&lt;a TARGET=_self
1181     !+href='&amp;_websrvname/SASStoredProcess/do?_program=%2FCTDOE%2F&amp;_folderpath%2FPublic%2FReports%2FStoredProcesses%2FSmarterBalancedAssessmentReport&amp;_defaultprint=Yes&amp;_selectprint=Submit'&gt;Sm
1181     !+arter Balanced&lt;/a&gt;&lt;/li&gt;";
1182      +			%end;
1183      +
1184      +			put '		&lt;/ul&gt;
1185      +					&lt;/li&gt;	
1186      +				';
1187      +		%end;
1188      +
1189      +
1190      +	/******			NON-IE GLOBAL SEARCH REPORTS END			******/
1191      +
1192      +		%else %do;
1193      +		%end;
1194      +
1195      +		put '				&lt;/ul&gt;
1196      +						&lt;/nav&gt;
1197      +					&lt;/section&gt;
1198      +				&lt;![endif]&gt;
1199      +		';
1200      +
1201      +
1202      +	/******			NON-IE ONLY	END		******/
1203      +
1204      +
1205      +
1206      +	/******			IE ONLY	START		******/
                                                                                          The SAS System

1207      +
1208      +
1209      +		/** This section is for IE browsers ONLY **/
1210      +		put '	&lt;!--[if IE]&gt;';
1211      +		put '		&lt;nav&gt;
1212      +						&lt;ul id="navmenu"&gt;
1213      +			';
1214      +		put '				 &lt;li ';
1215      +		put 'onmouseover="this.style.background='; put "'#7C7F81';";
1216      +		put '" onmouseout="this.style.background=';put "'#265d93';";		
1217      +		put '"&gt;';
1218      +		put '&lt;a TARGET=_self href="'; put "&amp;_websrvname"; put '/SASStoredProcess/do?_program=%2FCTDOE%2F';
1219      +		put "&amp;_folderpath"; put '%2FPublic%2FReports%2FStoredProcesses%2FGlobalNavigation"&gt;Home&lt;/a&gt;&lt;/li&gt;';
1220      +
1221      +		put '				&lt;li ';
1222      +		/* onmouseover/hoveron functionality allows the program to call a JavaScript function defined in the header when
1223      +			the mouse is on the object. For the top headers, this includes coloring the background and calling a macro.*/
1224      +		/* onmouseout/hoveroff does the same for when the user's mouse moves off the object */
1225      +		put 'onmouseover="this.style.background='; put "'#7C7F81';";
1226      +		put '; csdeOverviewOn()" onmouseout="this.style.background=';put "'#265d93';";		
1227      +		put '; csdeOverviewOff()"&gt;';
1228      +		put '&lt;a href="#"&gt;Overview&lt;/a&gt;&lt;/li&gt;';
1229      +		put '				&lt;li ';
1230      +		put 'onmouseover="this.style.background='; put "'#7C7F81';";
1231      +		put '; csdeStudentOn()" onmouseout="this.style.background=';put "'#265d93';";		
1232      +		put '; csdeStudentOff()"&gt;';
1233      +
1234      +		/* PASSING PARAMETERS FROM REPORTNAME = VALUE, same logic as for the Non-IE section	*/
1235      +		put '&lt;a href="#"&gt;Students&lt;/a&gt;&lt;/li&gt;';
1236      +
1237      +		put '				&lt;li ';
1238      +		put 'onmouseover="this.style.background='; put "'#7C7F81';";
1239      +		put '; csdeEducatorOn()" onmouseout="this.style.background=';put "'#265d93';";		
1240      +		put '; csdeEducatorOff()"&gt;';
1241      +		put '&lt;a href="#"&gt;Educators&lt;/a&gt;&lt;/li&gt;';
1242      +		put '				&lt;li ';
1243      +		put 'onmouseover="this.style.background='; put "'#7C7F81';";
1244      +		put '; csdeInstructionOn()" onmouseout="this.style.background=';put "'#265d93';";		
                                                                                          The SAS System

1245      +		put '; csdeInstructionOff()"&gt;';
1246      +		put '&lt;a href="#"&gt;Instruction&lt;/a&gt;&lt;/li&gt;';
1247      +		put '				&lt;li ';
1248      +		put 'onmouseover="this.style.background='; put "'#7C7F81';";
1249      +		put '; csdePerformanceOn()" onmouseout="this.style.background=';put "'#265d93';";		
1250      +		put '; csdePerformanceOff()"&gt;';
1251      +		put '&lt;a href="#"&gt;Performance&lt;/a&gt;&lt;/li&gt;';
1252      +		put '			&lt;/ul&gt;
1253      +					&lt;/nav&gt;
1254      +			';
1255      +
1256      +		/** Submenu/dropdown section begins here. Each list of drop down items is stored in a &lt;div&gt;. That &lt;div&gt; and &lt;li&gt; objects within
1257      +			are shown/hidden according to the JS in the header with the same name as the &lt;div&gt; and On or Off appended where appropriate.
1258      +			For example, divOverviewOn shows the contents and divOverviewOff hides the contents.
1259      +		**/
1260      +		put '&lt;div id="divOverview"&gt;&lt;article id="articleOverview" style="position: absolute; top: 30px; left: 200px; display: none; z-index: 10;
1261      +				color:#FFFFFF; text-decoration: none; background: #265d93; border-top: 1px solid #FFFFFF; font: 11px Arial; width: 175px;"&gt;';
1262      +
1263      +			put '&lt;li id="ovr1" style="top: -2px;" ';
1264      +			put 'onmouseover="this.style.background='; put "'#7C7F81';";
1265      +			put '; csdeOverviewOn()" onmouseout="this.style.background=';put "'#265d93';";		
1266      +			put '; csdeOverviewOff()"&gt;';
1267      +
1268      +			%if "&amp;reportname" = "globalnav" %then %do;
1269      +				put '		&lt;a TARGET=_self href="'; put "&amp;_websrvname"; put '/SASStoredProcess/do?_program=%2FCTDOE%2F';
1270      +				put "&amp;_folderpath"; put '%2FPublic%2FReports%2FStoredProcesses%2FOrgSearchReport" style="color: #FFFFFF;"&gt;Find School/District&lt;/a&gt;&lt;/li&gt;';
1271      +			%end;
1272      +			%else %if "&amp;reportname" = "enrollment" or "&amp;reportname" = "bullying" or "&amp;reportname" = "student"
1273      +						or "&amp;reportname" = "incident" or "&amp;reportname" = "discipline" %then %do;
1274      +				put '&lt;a TARGET=_self href="'; put "&amp;_websrvname"; put '/SASStoredProcess/do?_program=%2FCTDOE%2F';
1275      +				put "&amp;_folderpath"; put '%2FPublic%2FReports%2FStoredProcesses%2FOrgSearchReport&amp;orgdistrict=';
1276      +				%if ("&amp;_district" ne "State of Connecticut" and "&amp;_district" ne "All Districts") and "&amp;_default" ne "Yes" %then %do;
1277      +					put "&amp;_district"; put '&amp;_select=Submit&amp;_parampass=Yes';
1278      +					%if "&amp;_school" ne "All Schools" %then %do; put '&amp;orgname='; put "&amp;_school"; %end;
1279      +				%end;
1280      +				put '" style="color: #FFFFFF;"&gt;Find School/District&lt;/a&gt;&lt;/li&gt;';
1281      +			%end;
1282      +			%else %if "&amp;reportname" = "orgsearch" or "&amp;reportname" = "peoplesearch" %then %do;
                                                                                          The SAS System

1283      +				%if ("&amp;orgdistrict" eq "" or "&amp;orgdistrict" eq " ") and ("&amp;orgname" eq "" or "&amp;orgname" eq " ") %then %do;
1284      +					put '		&lt;a TARGET=_self href="'; put "&amp;_websrvname"; put '/SASStoredProcess/do?_program=%2FCTDOE%2F';
1285      +					put "&amp;_folderpath"; put '%2FPublic%2FReports%2FStoredProcesses%2FOrgSearchReport" style="color: #FFFFFF;"&gt;Find School/District&lt;/a&gt;&lt;/li&gt;';
1286      +				%end;
1287      +				%else %if ("&amp;orgdistrict" eq "" or "&amp;orgdistrict" eq " ") and ("&amp;orgname" ne "" and "&amp;orgname" ne " ") %then %do;
1288      +					put '		&lt;a TARGET=_self href="'; put "&amp;_websrvname"; put '/SASStoredProcess/do?_program=%2FCTDOE%2F';
1289      +					put "&amp;_folderpath"; put '%2FPublic%2FReports%2FStoredProcesses%2FOrgSearchReport"'; put '&amp;orgname=';
1290      +					put "&amp;orgname"; put' style="color: #FFFFFF;"&gt;Find School/District&lt;/a&gt;&lt;/li&gt;';
1291      +				%end;
1292      +				%else %if ("&amp;orgdistrict" ne "" and "&amp;orgdistrict" ne " ") and ("&amp;orgname" eq "" or "&amp;orgname" eq " ") %then %do;
1293      +					put '		&lt;a TARGET=_self href="'; put "&amp;_websrvname"; put '/SASStoredProcess/do?_program=%2FCTDOE%2F';
1294      +					put "&amp;_folderpath"; put '%2FPublic%2FReports%2FStoredProcesses%2FOrgSearchReport"'; put '&amp;orgdistrict=';
1295      +					put "&amp;orgdistrict"; put' style="color: #FFFFFF;"&gt;Find School/District&lt;/a&gt;&lt;/li&gt;';
1296      +				%end;
1297      +				%else %do;
1298      +					put '&lt;a TARGET=_self href="'; put "&amp;_websrvname"; put '/SASStoredProcess/do?_program=%2FCTDOE%2F';
1299      +					put "&amp;_folderpath"; put '%2FPublic%2FReports%2FStoredProcesses%2FOrgSearchReport&amp;orgdistrict=';
1300      +					put "&amp;orgdistrict"; put '&amp;_parampass=Yes'; put '&amp;orgname='; put "&amp;orgname";
1301      +					put '" style="color: #FFFFFF;"&gt;Find School/District&lt;/a&gt;&lt;/li&gt;';
1302      +				%end;
1303      +			%end;
1304      +			%else %do;
1305      +			%end;
1306      +
1307      +			put '&lt;li id="ovr5" style="top: 25px;" ';
1308      +			put 'onmouseover="this.style.background='; put "'#7C7F81';";
1309      +			put '; csdeOverviewOn()" onmouseout="this.style.background=';put "'#265d93';";		
1310      +			put '; csdeOverviewOff()"&gt;';
1311      +
1312      +			%if "&amp;reportname" = "globalnav" %then %do;
1313      +				put '		&lt;a TARGET=_self href="'; put "&amp;_websrvname"; put '/SASStoredProcess/do?_program=%2FCTDOE%2F';
1314      +				put "&amp;_folderpath"; put '%2FPublic%2FReports%2FStoredProcesses%2FPeopleSearchReport" style="color: #FFFFFF;"&gt;Find Staff&lt;/a&gt;&lt;/li&gt;';
1315      +			%end;
1316      +			%else %if "&amp;reportname" = "enrollment" or "&amp;reportname" = "bullying" or "&amp;reportname" = "student"
1317      +						or "&amp;reportname" = "incident" or "&amp;reportname" = "discipline" %then %do;
1318      +				put '&lt;a TARGET=_self href="'; put "&amp;_websrvname"; put '/SASStoredProcess/do?_program=%2FCTDOE%2F';
1319      +				put "&amp;_folderpath"; put '%2FPublic%2FReports%2FStoredProcesses%2FPeopleSearchReport&amp;orgdistrict=';
1320      +				%if ("&amp;_district" ne "State of Connecticut" and "&amp;_district" ne "All Districts") and "&amp;_default" ne "Yes" %then %do;
                                                                                          The SAS System

1321      +					put "&amp;_district"; put '&amp;_select=Submit&amp;_parampass=Yes';
1322      +					%if "&amp;_school" ne "All Schools" %then %do; put '&amp;orgname='; put "&amp;_school"; %end;
1323      +				%end;
1324      +				put '" style="color: #FFFFFF;"&gt;Find Staff&lt;/a&gt;&lt;/li&gt;';
1325      +			%end;
1326      +			%else %if "&amp;reportname" = "orgsearch" or "&amp;reportname" = "peoplesearch" %then %do;
1327      +				%if ("&amp;orgdistrict" eq "" or "&amp;orgdistrict" eq " ") and  ("&amp;orgname" eq "" or "&amp;orgname" eq " ") %then %do;
1328      +					put '		&lt;a TARGET=_self href="'; put "&amp;_websrvname"; put '/SASStoredProcess/do?_program=%2FCTDOE%2F';
1329      +					put "&amp;_folderpath"; put '%2FPublic%2FReports%2FStoredProcesses%2FPeopleSearchReport" style="color: #FFFFFF;"&gt;Find Staff&lt;/a&gt;&lt;/li&gt;';
1330      +				%end;
1331      +				%else %if ("&amp;orgdistrict" eq "" or "&amp;orgdistrict" eq " ") and ("&amp;orgname" ne "" and "&amp;orgname" ne " ") %then %do;
1332      +					put '		&lt;a TARGET=_self href="'; put "&amp;_websrvname"; put '/SASStoredProcess/do?_program=%2FCTDOE%2F';
1333      +					put "&amp;_folderpath"; put '%2FPublic%2FReports%2FStoredProcesses%2FPeopleSearchReport"'; put '&amp;orgname=';
1334      +					put "&amp;orgname"; put' style="color: #FFFFFF;"&gt;Find Staff&lt;/a&gt;&lt;/li&gt;';
1335      +				%end;
1336      +				%else %if ("&amp;orgdistrict" ne "" and "&amp;orgdistrict" ne " ") and ("&amp;orgname" eq "" or "&amp;orgname" eq " ") %then %do;
1337      +					put '		&lt;a TARGET=_self href="'; put "&amp;_websrvname"; put '/SASStoredProcess/do?_program=%2FCTDOE%2F';
1338      +					put "&amp;_folderpath"; put '%2FPublic%2FReports%2FStoredProcesses%2FPeopleSearchReport"'; put '&amp;orgdistrict=';
1339      +					put "&amp;orgdistrict"; put' style="color: #FFFFFF;"&gt;Find Staff&lt;/a&gt;&lt;/li&gt;';
1340      +				%end;
1341      +				%else %do;
1342      +					put '&lt;a TARGET=_self href="'; put "&amp;_websrvname"; put '/SASStoredProcess/do?_program=%2FCTDOE%2F';
1343      +					put "&amp;_folderpath"; put '%2FPublic%2FReports%2FStoredProcesses%2FPeopleSearchReport&amp;orgdistrict=';
1344      +					put "&amp;orgdistrict"; put '&amp;_select=Submit&amp;_parampass=Yes'; put '&amp;orgname='; put "&amp;orgname";
1345      +					put '" style="color: #FFFFFF;"&gt;Find Staff&lt;/a&gt;&lt;/li&gt;';
1346      +				%end;
1347      +			%end;
1348      +			%else %do;
1349      +			%end;
1350      +
1351      +
1352      +			put '&lt;li id="ovr2" style="top: 52px;" ';
1353      +			put 'onmouseover="this.style.background='; put "'#7C7F81';";
1354      +			put '; csdeOverviewOn()" onmouseout="this.style.background=';put "'#265d93';";		
1355      +			put '; csdeOverviewOff()"&gt;';
1356      +
1357      +			%if "&amp;reportname" = "globalnav" %then %do;
1358      +				put '		&lt;a TARGET=_self href="'; put "&amp;_websrvname"; put '/SASStoredProcess/do?_program=%2FCTDOE%2F';
                                                                                          The SAS System

1359      +				put "&amp;_folderpath"; put '%2FPublic%2FReports%2FStoredProcesses%2FFinanceReport&amp;_default=Yes&amp;_select=Submit&amp;_parampass=Yes" style="color: #FFFFFF;"&gt;Fiscal Resources&lt;/a&gt;&lt;/li&gt;';
1360      +			%end;
1361      +			%else %if "&amp;reportname" = "enrollment" or "&amp;reportname" = "bullying" or "&amp;reportname" = "student"
1362      +						or "&amp;reportname" = "incident" or "&amp;reportname" = "discipline" %then %do;
1363      +				put '&lt;a TARGET=_self href="'; put "&amp;_websrvname"; put '/SASStoredProcess/do?_program=%2FCTDOE%2F';
1364      +				put "&amp;_folderpath"; put '%2FPublic%2FReports%2FStoredProcesses%2FFinanceReport&amp;_year=';
1365      +				put "&amp;_year"; put '&amp;_select=Submit&amp;_parampass=Yes'; put '&amp;_district='; put "&amp;_district";
1366      +				put '" style="color: #FFFFFF;"&gt;Fiscal Resources&lt;/a&gt;&lt;/li&gt;';
1367      +			%end;
1368      +			%else %if "&amp;reportname" = "orgsearch" or "&amp;reportname" = "peoplesearch" %then %do;
1369      +				%if "&amp;orgdistrict" eq "" or "&amp;orgdistrict" eq " " %then %do;
1370      +					put '	&lt;a TARGET=_self href="'; put "&amp;_websrvname"; put '/SASStoredProcess/do?_program=%2FCTDOE%2F';
1371      +					put "&amp;_folderpath"; put '%2FPublic%2FReports%2FStoredProcesses%2FFinanceReport&amp;_default=Yes&amp;_select=Submit&amp;_parampass=Yes" style="color: #FFFFFF;"&gt;Fiscal Resources&lt;/a&gt;&lt;/li&gt;';
1372      +				%end;
1373      +				%else %do;
1374      +					put '&lt;a TARGET=_self href="'; put "&amp;_websrvname"; put '/SASStoredProcess/do?_program=%2FCTDOE%2F';
1375      +					put "&amp;_folderpath"; put '%2FPublic%2FReports%2FStoredProcesses%2FFinanceReport&amp;_year=';
1376      +					put "&amp;_year"; put '&amp;_select=Submit&amp;_parampass=Yes'; put '&amp;_district='; put "&amp;_orgdistrict";
1377      +					put '" style="color: #FFFFFF;"&gt;Fiscal Resources&lt;/a&gt;&lt;/li&gt;';
1378      +				%end;
1379      +			%end;
1380      +			%else %do;
1381      +			%end;
1382      +
1383      +			put '&lt;li id="ovr3" style="top: 79px;" ';
1384      +			put 'onmouseover="this.style.background='; put "'#7C7F81';";
1385      +			put '; csdeOverviewOn()" onmouseout="this.style.background=';put "'#265d93';";		
1386      +			put '; csdeOverviewOff()"&gt;';
1387      +
1388      +			%if "&amp;reportname" = "globalnav" %then %do;
1389      +				put '	&lt;a TARGET=_self href="'; put "&amp;_websrvname"; put '/SASStoredProcess/do?_program=%2FCTDOE%2F';
1390      +				put "&amp;_folderpath"; put '%2FPublic%2FReports%2FStoredProcesses%2FProfilePerformanceReport&amp;_default=Yes&amp;_select=Submit&amp;_parampass=Yes" style="color: #FFFFFF;"&gt;Profile and
1390     !+Performance Reports&lt;/a&gt;&lt;/li&gt;';
1391      +			%end;
1392      +			%else %if "&amp;reportname" = "enrollment" or "&amp;reportname" = "bullying" or "&amp;reportname" = "student"
1393      +						or "&amp;reportname" = "incident" or "&amp;reportname" = "discipline" %then %do;
1394      +				put '&lt;a TARGET=_self href="'; put "&amp;_websrvname"; put '/SASStoredProcess/do?_program=%2FCTDOE%2F';
1395      +				put "&amp;_folderpath"; put '%2FPublic%2FReports%2FStoredProcesses%2FProfilePerformanceReport&amp;_district=';
                                                                                          The SAS System

1396      +				put "&amp;_district"; put '&amp;_select=Submit&amp;_parampass=Yes'; put '&amp;_year='; put "&amp;_year"; put '&amp;_school='; put "&amp;_school"; put '" style="color: #FFFFFF;"&gt;Profile and Performance
1396     !+Reports&lt;/a&gt;&lt;/li&gt;';
1397      +			%end;
1398      +			%else %if "&amp;reportname" = "orgsearch" or "&amp;reportname" = "peoplesearch" %then %do;
1399      +				%if "&amp;orgdistrict" eq "" or "&amp;orgdistrict" eq " " %then %do;
1400      +					put '	&lt;a TARGET=_self href="'; put "&amp;_websrvname"; put '/SASStoredProcess/do?_program=%2FCTDOE%2F';
1401      +					put "&amp;_folderpath"; put '%2FPublic%2FReports%2FStoredProcesses%2FProfilePerformanceReport&amp;_default=Yes&amp;_select=Submit&amp;_parampass=Yes" style="color: #FFFFFF;"&gt;Profile and
1401     !+Performance Reports&lt;/a&gt;&lt;/li&gt;';
1402      +				%end;
1403      +				%else %do;
1404      +					put '&lt;a TARGET=_self href="'; put "&amp;_websrvname"; put '/SASStoredProcess/do?_program=%2FCTDOE%2F';
1405      +					put "&amp;_folderpath"; put '%2FPublic%2FReports%2FStoredProcesses%2FProfilePerformanceReport&amp;_district=';
1406      +					put "&amp;_orgdistrict"; put '&amp;_select=Submit&amp;_parampass=Yes'; put '&amp;_year='; put "&amp;_year"; put '&amp;_school='; put "&amp;_orgname"; put '" style="color: #FFFFFF;"&gt;Profile and Performance
1406     !+Reports&lt;/a&gt;&lt;/li&gt;';
1407      +				%end;
1408      +			%end;
1409      +			%else %do;
1410      +			%end;
1411      +
1412      +			put '&lt;li id="ovr4" style="top: 120px;" ';
1413      +			put 'onmouseover="this.style.background='; put "'#7C7F81';";
1414      +			put '; csdeOverviewOn()" onmouseout="this.style.background=';put "'#265d93';";		
1415      +			put '; csdeOverviewOff()"&gt;';
1416      +
1417      +			%if "&amp;reportname" = "globalnav" %then %do;
1418      +				put '	&lt;a TARGET=_self href="'; put "&amp;_websrvname"; put '/SASStoredProcess/do?_program=%2FCTDOE%2F';
1419      +				put "&amp;_folderpath"; put '%2FPublic%2FReports%2FStoredProcesses%2FSpecEdAPRReport&amp;_year=All+Years&amp;_district=All+Districts&amp;_select=Submit&amp;_parampass=Yes" style="color: #FFFFFF;
1419     !+"&gt;Special Education Annual Performance Reports&lt;/a&gt;&lt;/li&gt;';
1420      +			%end;
1421      +			%else %if "&amp;reportname" = "enrollment" or "&amp;reportname" = "bullying" or "&amp;reportname" = "student"
1422      +						or "&amp;reportname" = "incident" or "&amp;reportname" = "discipline" %then %do;
1423      +				put '&lt;a TARGET=_self href="'; put "&amp;_websrvname"; put '/SASStoredProcess/do?_program=%2FCTDOE%2F';
1424      +				put "&amp;_folderpath"; put '%2FPublic%2FReports%2FStoredProcesses%2FSpecEdAPRReport&amp;_district=';
1425      +				put "&amp;_district"; put '&amp;_select=Submit&amp;_parampass=Yes'; put '&amp;_year='; put "&amp;_year"; put '" style="color: #FFFFFF;"&gt;Special Education Annual Performance Reports&lt;/a&gt;&lt;/li&gt;';
1426      +			%end;
1427      +			%else %if "&amp;reportname" = "orgsearch" or "&amp;reportname" = "peoplesearch" %then %do;
1428      +				%if "&amp;orgdistrict" eq "" or "&amp;orgdistrict" eq " " %then %do;
1429      +					put '	&lt;a TARGET=_self href="'; put "&amp;_websrvname"; put '/SASStoredProcess/do?_program=%2FCTDOE%2F';
                                                                                          The SAS System

1430      +					put "&amp;_folderpath"; put '%2FPublic%2FReports%2FStoredProcesses%2FSpecEdAPRReport&amp;_year=All+Years&amp;_district=All+Districts&amp;_select=Submit&amp;_parampass=Yes" style="color: #FFFFFF;
1430     !+"&gt;Special Education Annual Performance Reports&lt;/a&gt;&lt;/li&gt;';
1431      +				%end;
1432      +				%else %do;
1433      +					put '&lt;a TARGET=_self href="'; put "&amp;_websrvname"; put '/SASStoredProcess/do?_program=%2FCTDOE%2F';
1434      +					put "&amp;_folderpath"; put '%2FPublic%2FReports%2FStoredProcesses%2FSpecEdAPRReport&amp;_district=';
1435      +					put "&amp;_orgdistrict"; put '&amp;_select=Submit&amp;_parampass=Yes'; put '&amp;_year='; put "&amp;_year"; put '" style="color: #FFFFFF;"&gt;Special Education Annual Performance Reports&lt;/a&gt;&lt;/li&gt;';
1436      +				%end;
1437      +			%end;
1438      +			%else %do;
1439      +			%end;	
1440      +		put '&lt;/article&gt;&lt;/div&gt;';
1441      +
1442      +		put '&lt;div id="divStudent"&gt;&lt;article id="articleStudent" style="position: absolute; top: 30px; left: 400px; display: none; z-index: 10;
1443      +				color: #FFFFFF; text-decoration: none; background: #265d93; border-top: 1px solid #FFFFFF; font: 11px Arial; width: 175px;"&gt;';
1444      +
1445      +			put '&lt;li id="stu1" style="top: 81px;" ';
1446      +			put 'onmouseover="this.style.background='; put "'#7C7F81';";
1447      +			put '; csdeStudentOn()" onmouseout="this.style.background=';put "'#265d93';";		
1448      +			put '; csdeStudentOff()"&gt;';
1449      +
1450      +			%if "&amp;reportname" = "globalnav" %then %do;
1451      +				put '	&lt;a TARGET=_self href="'; put "&amp;_websrvname"; put '/SASStoredProcess/do?_program=%2FCTDOE%2F';
1452      +				put "&amp;_folderpath"; put '%2FPublic%2FReports%2FStoredProcesses%2FEnrollmentReport&amp;_default=Yes&amp;_select=Submit&amp;_parampass=Yes" style="color: #FFFFFF;"&gt;Enrollment Counts&lt;/a&gt;&lt;/li&gt;';
1453      +			%end;
1454      +			%else %if "&amp;reportname" = "enrollment" or "&amp;reportname" = "bullying" or "&amp;reportname" = "student"
1455      +						or "&amp;reportname" = "incident" or "&amp;reportname" = "discipline" %then %do;
1456      +				put '&lt;a TARGET=_self href="'; put "&amp;_websrvname"; put '/SASStoredProcess/do?_program=%2FCTDOE%2F';
1457      +				put "&amp;_folderpath"; put '%2FPublic%2FReports%2FStoredProcesses%2FEnrollmentReport&amp;_district=';
1458      +				put "&amp;_district"; put '&amp;_select=Submit&amp;_parampass=Yes'; put '&amp;_year='; put "&amp;_year";
1459      +				put '&amp;_school=';  put "&amp;_school";
1460      +				put '" style="color: #FFFFFF;"&gt;Enrollment Counts&lt;/a&gt;&lt;/li&gt;';
1461      +			%end;
1462      +			%else %if "&amp;reportname" = "orgsearch" or "&amp;reportname" = "peoplesearch" %then %do;
1463      +				%if "&amp;orgdistrict" eq "" or "&amp;orgdistrict" eq " " %then %do;
1464      +					put '	&lt;a TARGET=_self href="'; put "&amp;_websrvname"; put '/SASStoredProcess/do?_program=%2FCTDOE%2F';
1465      +					put "&amp;_folderpath"; put '%2FPublic%2FReports%2FStoredProcesses%2FEnrollmentReport&amp;_default=Yes&amp;_select=Submit&amp;_parampass=Yes" style="color: #FFFFFF;"&gt;Enrollment Counts&lt;/a&gt;&lt;/li&gt;';
1466      +				%end;
                                                                                          The SAS System

1467      +				%else %do;
1468      +					put '&lt;a TARGET=_self href="'; put "&amp;_websrvname"; put '/SASStoredProcess/do?_program=%2FCTDOE%2F';
1469      +					put "&amp;_folderpath"; put '%2FPublic%2FReports%2FStoredProcesses%2FEnrollmentReport&amp;_district=';
1470      +					put "&amp;orgdistrict"; put '&amp;_select=Submit&amp;_parampass=Yes'; put '&amp;_year=Trend';
1471      +					put '&amp;_school=';  put "&amp;orgname";
1472      +					put '" style="color: #FFFFFF;"&gt;Enrollment Counts&lt;/a&gt;&lt;/li&gt;';
1473      +				%end;
1474      +			%end;
1475      +			%else %do;
1476      +			%end;
1477      +
1478      +			put '&lt;li id="stu2" style="top: -2px;" ';
1479      +			put 'onmouseover="this.style.background='; put "'#7C7F81';";
1480      +			put '; csdeStudentOn()" onmouseout="this.style.background=';put "'#265d93';";		
1481      +			put '; csdeStudentOff()"&gt;';
1482      +
1483      +			%if "&amp;reportname" = "globalnav" %then %do;
1484      +				put '	&lt;a TARGET=_self href="'; put "&amp;_websrvname"; put '/SASStoredProcess/do?_program=%2FCTDOE%2F';
1485      +				put "&amp;_folderpath"; put
1485     !+'%2FPublic%2FReports%2FStoredProcesses%2FChronicAbsenteeismReport&amp;_year=Trend&amp;_district=State+of+Connecticut&amp;_subgroup=All+Students&amp;_select=Submit&amp;_parampass=Yes" style="color: #FFFFFF
1485     !+;"&gt;Attendance&lt;/a&gt;&lt;/li&gt;';
1486      +			%end;
1487      +			%else %if "&amp;reportname" = "enrollment" or "&amp;reportname" = "bullying" or "&amp;reportname" = "student"
1488      +						or "&amp;reportname" = "incident" or "&amp;reportname" = "discipline" %then %do;
1489      +				put '&lt;a TARGET=_self href="'; put "&amp;_websrvname"; put '/SASStoredProcess/do?_program=%2FCTDOE%2F';
1490      +				put "&amp;_folderpath"; put '%2FPublic%2FReports%2FStoredProcesses%2FChronicAbsenteeismReport&amp;_district=';
1491      +				put "&amp;_district"; put '&amp;_select=Submit&amp;_parampass=Yes'; put '&amp;_year='; put "&amp;_year"; put '&amp;_subgroup=All+Students';
1492      +				put '&amp;_school=';  %if  1=1 %then %do; put "&amp;_school"; %end;
1493      +				put '" style="color: #FFFFFF;"&gt;Attendance&lt;/a&gt;&lt;/li&gt;';
1494      +			%end;
1495      +			%else %if "&amp;reportname" = "orgsearch" or "&amp;reportname" = "peoplesearch" %then %do;
1496      +				%if "&amp;orgdistrict" eq "" or "&amp;orgdistrict" eq " " %then %do;
1497      +					put '	&lt;a TARGET=_self href="'; put "&amp;_websrvname"; put '/SASStoredProcess/do?_program=%2FCTDOE%2F';
1498      +					put "&amp;_folderpath"; put
1498     !+'%2FPublic%2FReports%2FStoredProcesses%2FChronicAbsenteeismReport&amp;_year=Trend&amp;_district=State+of+Connecticut&amp;_subgroup=All+Students&amp;_select=Submit&amp;_parampass=Yes" style="color: #FFFFFF
1498     !+;"&gt;Attendance&lt;/a&gt;&lt;/li&gt;';
1499      +				%end;
1500      +				%else %do;
                                                                                          The SAS System

1501      +					put '&lt;a TARGET=_self href="'; put "&amp;_websrvname"; put '/SASStoredProcess/do?_program=%2FCTDOE%2F';
1502      +					put "&amp;_folderpath"; put '%2FPublic%2FReports%2FStoredProcesses%2FChronicAbsenteeismReport&amp;_district=';
1503      +					put "&amp;orgdistrict"; put '&amp;_select=Submit&amp;_parampass=Yes'; put '&amp;_year=Trend'; put '&amp;_subgroup=All+Students';
1504      +					put '&amp;_school=';  %if  1=2 %then %do; put "&amp;orgname"; %end;
1505      +					put '" style="color: #FFFFFF;"&gt;Attendance&lt;/a&gt;&lt;/li&gt;';
1506      +				%end;
1507      +			%end;
1508      +			%else %do;
1509      +			%end;
1510      +
1511      +			put '&lt;li id="stu3" style="top: 25px;" ';
1512      +			put 'onmouseover="this.style.background='; put "'#7C7F81';";
1513      +			put '; csdeStudentOn()" onmouseout="this.style.background=';put "'#265d93';";		
1514      +			put '; csdeStudentOff()"&gt;';
1515      +
1516      +			%if "&amp;reportname" = "globalnav" %then %do;
1517      +				put '		&lt;a TARGET=_self href="'; put "&amp;_websrvname"; put '/SASStoredProcess/do?_program=%2FCTDOE%2F';
1518      +				put "&amp;_folderpath"; put '%2FPublic%2FReports%2FStoredProcesses%2FDisciplineReport&amp;_default=Yes&amp;_select=Submit&amp;_parampass=Yes" style="color: #FFFFFF;"&gt;Discipline&lt;/a&gt;&lt;/li&gt;';
1519      +			%end;
1520      +			%else %if "&amp;reportname" = "enrollment" or "&amp;reportname" = "bullying" or "&amp;reportname" = "student"
1521      +						or "&amp;reportname" = "incident" or "&amp;reportname" = "discipline" %then %do;
1522      +				put '&lt;a TARGET=_self href="'; put "&amp;_websrvname"; put '/SASStoredProcess/do?_program=%2FCTDOE%2F';
1523      +				put "&amp;_folderpath"; put '%2FPublic%2FReports%2FStoredProcesses%2FDisciplineReport&amp;_district=';
1524      +				put "&amp;_district"; put '&amp;_select=Submit&amp;_parampass=Yes'; put '&amp;_year='; put "&amp;_year";
1525      +				put '&amp;_school='; %if  1=1 %then %do; put "&amp;_school"; %end;
1526      +				put '" style="color: #FFFFFF;"&gt;Discipline&lt;/a&gt;&lt;/li&gt;';
1527      +			%end;
1528      +			%else %if "&amp;reportname" = "orgsearch" or "&amp;reportname" = "peoplesearch" %then %do;
1529      +				%if "&amp;orgdistrict" eq "" or "&amp;orgdistrict" eq " " %then %do;
1530      +					put '		&lt;a TARGET=_self href="'; put "&amp;_websrvname"; put '/SASStoredProcess/do?_program=%2FCTDOE%2F';
1531      +					put "&amp;_folderpath"; put '%2FPublic%2FReports%2FStoredProcesses%2FDisciplineReport&amp;_default=Yes&amp;_select=Submit&amp;_parampass=Yes" style="color: #FFFFFF;"&gt;Discipline&lt;/a&gt;&lt;/li&gt;';
1532      +				%end;
1533      +				%else %do;
1534      +					put '&lt;a TARGET=_self href="'; put "&amp;_websrvname"; put '/SASStoredProcess/do?_program=%2FCTDOE%2F';
1535      +					put "&amp;_folderpath"; put '%2FPublic%2FReports%2FStoredProcesses%2FDisciplineReport&amp;_district=';
1536      +					put "&amp;orgdistrict"; put '&amp;_select=Submit&amp;_parampass=Yes'; put '&amp;_year=Trend';
1537      +					put '&amp;_school='; %if  1=2 %then %do; put "&amp;orgname"; %end;
1538      +					put '" style="color: #FFFFFF;"&gt;Discipline&lt;/a&gt;&lt;/li&gt;';
                                                                                          The SAS System

1539      +				%end;
1540      +			%end;
1541      +			%else %do;
1542      +			%end;
1543      +
1544      +			put '&lt;li id="stu4" style="top: 52px;" ';
1545      +			put 'onmouseover="this.style.background='; put "'#7C7F81';";
1546      +			put '; csdeStudentOn()" onmouseout="this.style.background=';put "'#265d93';";		
1547      +			put '; csdeStudentOff()"&gt;';
1548      +			put '	&lt;a TARGET=_self href="'; put "&amp;_websrvname"; put '/SASStoredProcess/do?_program=%2FCTDOE%2F';
1549      +			put "&amp;_folderpath"; put '%2FPublic%2FReports%2FStoredProcesses%2FEnglishLearnersReport" style="color: #FFFFFF;"&gt;English Learners&lt;/a&gt;&lt;/li&gt;';
1550      +
1551      +			put '&lt;li id="stu5" style="top: 110px;" ';
1552      +			put 'onmouseover="this.style.background='; put "'#7C7F81';";
1553      +			put '; csdeStudentOn()" onmouseout="this.style.background=';put "'#265d93';";		
1554      +			put '; csdeStudentOff()"&gt;';
1555      +			%if "&amp;reportname" = "globalnav" %then %do;
1556      +				put '	&lt;a TARGET=_self href="'; put "&amp;_websrvname"; put '/SASStoredProcess/do?_program=%2FCTDOE%2F';
1557      +				put "&amp;_folderpath"; put '%2FPublic%2FReports%2FStoredProcesses%2FPrimaryDisabilityReport&amp;_year=Trend&amp;_district=State of Connecticut&amp;_select=Submit" style="color: #FFFFFF;"&gt;Students
1557     !+ with Disabilities&lt;/a&gt;&lt;/li&gt;';
1558      +			%end;
1559      +			%else %if "&amp;reportname" = "enrollment" or "&amp;reportname" = "bullying" or "&amp;reportname" = "student"
1560      +						or "&amp;reportname" = "incident" or "&amp;reportname" = "discipline" %then %do;
1561      +				put '&lt;a TARGET=_self href="'; put "&amp;_websrvname"; put '/SASStoredProcess/do?_program=%2FCTDOE%2F';
1562      +				put "&amp;_folderpath"; put '%2FPublic%2FReports%2FStoredProcesses%2FPrimaryDisabilityReport&amp;_district=';
1563      +				put "&amp;_district"; put '&amp;_select=Submit&amp;_parampass=Yes'; put '&amp;_year='; put "&amp;_year"; put '" style="color: #FFFFFF;"&gt;Students with Disabilities&lt;/a&gt;&lt;/li&gt;';
1564      +			%end;
1565      +			%else %if "&amp;reportname" = "orgsearch" or "&amp;reportname" = "peoplesearch" %then %do;
1566      +				%if "&amp;orgdistrict" eq "" or "&amp;orgdistrict" eq " " %then %do;
1567      +					put '	&lt;a TARGET=_self href="'; put "&amp;_websrvname"; put '/SASStoredProcess/do?_program=%2FCTDOE%2F';
1568      +					put "&amp;_folderpath"; put '%2FPublic%2FReports%2FStoredProcesses%2FPrimaryDisabilityReport&amp;_year=Trend&amp;_district=State of Connecticut&amp;_select=Submit" style="color: #FFFFFF;
1568     !+"&gt;Students with Disabilities&lt;/a&gt;&lt;/li&gt;';
1569      +				%end;
1570      +				%else %do;
1571      +					put '&lt;a TARGET=_self href="'; put "&amp;_websrvname"; put '/SASStoredProcess/do?_program=%2FCTDOE%2F';
1572      +					put "&amp;_folderpath"; put '%2FPublic%2FReports%2FStoredProcesses%2FPrimaryDisabilityReport&amp;_district=';
1573      +					put "&amp;orgdistrict"; put '&amp;_select=Submit&amp;_parampass=Yes'; put '&amp;_year='; put "Trend"; put '" style="color: #FFFFFF;"&gt;Students with Disabilities&lt;/a&gt;&lt;/li&gt;';
1574      +				%end;
                                                                                          The SAS System

1575      +			%end;
1576      +			%else %do;
1577      +			%end;	
1578      +
1579      +		put '&lt;/article&gt;&lt;/div&gt;';
1580      +
1581      +		put '&lt;div id="divEducator"&gt;&lt;article id="articleEducator" style="position: absolute; top: 30px; left: 600px; display: none; z-index: 10;
1582      +				color: #FFFFFF; text-decoration: none; background: #265d93; border-top: 1px solid #FFFFFF; font: 11px Arial; width: 175px;"&gt;';
1583      +
1584      +			
1585      +			put '&lt;li id="edu1" style="top: 25px;" ';
1586      +			put 'onmouseover="this.style.background='; put "'#7C7F81';";
1587      +			put '; csdeEducatorOn()" onmouseout="this.style.background=';put "'#265d93';";		
1588      +			put '; csdeEducatorOff()"&gt;';
1589      +			%if "&amp;reportname" = "globalnav" %then %do;
1590      +				put '&lt;a TARGET=_self href="'; put "&amp;_websrvname"; put '/SASStoredProcess/do?_program=%2FCTDOE%2F';
1591      +				put "&amp;_folderpath"; put '%2FPublic%2FReports%2FStoredProcesses%2FHQTReport&amp;_district=State+of+Connecticut&amp;_year=Trend&amp;_select=Submit&amp;_parampass=Yes'; put '" style="color: #FFFFFF;
1591     !+"&gt;Qualifications&lt;/a&gt;&lt;/li&gt;';
1592      +			%end;
1593      +			%else %if "&amp;reportname" = "enrollment" or "&amp;reportname" = "bullying" or "&amp;reportname" = "student"
1594      +						or "&amp;reportname" = "incident" or "&amp;reportname" = "discipline" %then %do;
1595      +				put '&lt;a TARGET=_self href="'; put "&amp;_websrvname"; put '/SASStoredProcess/do?_program=%2FCTDOE%2F';
1596      +				put "&amp;_folderpath"; put '%2FPublic%2FReports%2FStoredProcesses%2FHQTReport&amp;_district=';
1597      +				put "&amp;_district"; put '&amp;_select=Submit&amp;_parampass=Yes'; put '&amp;_year='; put "&amp;_year";
1598      +				put '&amp;_school='; %if  1=1 %then %do; put "&amp;_school"; %end;
1599      +				put '" style="color: #FFFFFF;"&gt;Qualifications&lt;/a&gt;&lt;/li&gt;';
1600      +			%end;
1601      +			%else %if "&amp;reportname" = "orgsearch" or "&amp;reportname" = "peoplesearch" %then %do;
1602      +				%if "&amp;orgdistrict" eq "" or "&amp;orgdistrict" eq " " %then %do;
1603      +					put '&lt;a TARGET=_self href="'; put "&amp;_websrvname"; put '/SASStoredProcess/do?_program=%2FCTDOE%2F';
1604      +					put "&amp;_folderpath"; put '%2FPublic%2FReports%2FStoredProcesses%2FHQTReport&amp;_district=State+of+Connecticut&amp;_year=Trend&amp;_select=Submit&amp;_parampass=Yes'; put '" style="color: #FFFFFF;
1604     !+"&gt;Qualifications&lt;/a&gt;&lt;/li&gt;';
1605      +				%end;
1606      +				%else %do;
1607      +					put '&lt;a TARGET=_self href="'; put "&amp;_websrvname"; put '/SASStoredProcess/do?_program=%2FCTDOE%2F';
1608      +					put "&amp;_folderpath"; put '%2FPublic%2FReports%2FStoredProcesses%2FHQTReport&amp;_district=';
1609      +					put "&amp;orgdistrict"; put '&amp;_select=Submit&amp;_parampass=Yes'; put '&amp;_year=Trend';
1610      +					put '&amp;_school='; %if  1=2 %then %do; put "&amp;orgname"; %end;
                                                                                          The SAS System

1611      +					put '" style="color: #FFFFFF;"&gt;Qualifications&lt;/a&gt;&lt;/li&gt;';
1612      +				%end;
1613      +			%end;
1614      +			%else %do;
1615      +			%end;
1616      +
1617      +			put '&lt;li id="edu2" style="top: -2px;" ';
1618      +			put 'onmouseover="this.style.background='; put "'#7C7F81';";
1619      +			put '; csdeEducatorOn()" onmouseout="this.style.background=';put "'#265d93';";		
1620      +			put '; csdeEducatorOff()"&gt;';
1621      +			%if "&amp;reportname" = "globalnav" %then %do;
1622      +				put '&lt;a TARGET=_self href="'; put "&amp;_websrvname"; put '/SASStoredProcess/do?_program=%2FCTDOE%2F';
1623      +				put "&amp;_folderpath"; put '%2FPublic%2FReports%2FStoredProcesses%2FStaffingRaceReport&amp;_default=Yes&amp;_select=Submit&amp;_parampass=Yes'; put '" style="color: #FFFFFF;
1623     !+"&gt;Demographics&lt;/a&gt;&lt;/li&gt;';
1624      +			%end;
1625      +			%else %if "&amp;reportname" = "enrollment" or "&amp;reportname" = "bullying" or "&amp;reportname" = "student"
1626      +						or "&amp;reportname" = "incident" or "&amp;reportname" = "discipline" %then %do;
1627      +				put '&lt;a TARGET=_self href="'; put "&amp;_websrvname"; put '/SASStoredProcess/do?_program=%2FCTDOE%2F';
1628      +				put "&amp;_folderpath"; put '%2FPublic%2FReports%2FStoredProcesses%2FStaffingRaceReport&amp;_district=';
1629      +				put "&amp;_district"; put '&amp;_select=Submit&amp;_parampass=Yes'; put '&amp;_year='; put "&amp;_year"; put '&amp;_subgroup='; put "All";
1630      +				put '&amp;_school='; %if  1=1 %then %do; put "&amp;_school"; %end;
1631      +				put '" style="color: #FFFFFF;"&gt;Demographics&lt;/a&gt;&lt;/li&gt;';
1632      +			%end;
1633      +			%else %if "&amp;reportname" = "orgsearch" or "&amp;reportname" = "peoplesearch" %then %do;
1634      +				%if "&amp;orgdistrict" eq "" or "&amp;orgdistrict" eq " " %then %do;
1635      +					put '&lt;a TARGET=_self href="'; put "&amp;_websrvname"; put '/SASStoredProcess/do?_program=%2FCTDOE%2F';
1636      +					put "&amp;_folderpath"; put '%2FPublic%2FReports%2FStoredProcesses%2FStaffingRaceReport&amp;_default=Yes&amp;_select=Submit&amp;_parampass=Yes'; put '" style="color: #FFFFFF;
1636     !+"&gt;Demographics&lt;/a&gt;&lt;/li&gt;';
1637      +				%end;
1638      +				%else %do;
1639      +					put '&lt;a TARGET=_self href="'; put "&amp;_websrvname"; put '/SASStoredProcess/do?_program=%2FCTDOE%2F';
1640      +					put "&amp;_folderpath"; put '%2FPublic%2FReports%2FStoredProcesses%2FStaffingRaceReport&amp;_district=';
1641      +					put "&amp;orgdistrict"; put '&amp;_select=Submit&amp;_parampass=Yes'; put '&amp;_year=Trend'; put '&amp;_subgroup=All';
1642      +					put '&amp;_school='; %if  1=2 %then %do; put "&amp;orgname"; %end;
1643      +					put '" style="color: #FFFFFF;"&gt;Demographics&lt;/a&gt;&lt;/li&gt;';
1644      +				%end;
1645      +			%end;
1646      +			%else %do;
                                                                                          The SAS System

1647      +			%end;
1648      +
1649      +
1650      +			put '&lt;li id="edu3" style="top: 52px;" ';
1651      +			put 'onmouseover="this.style.background='; put "'#7C7F81';";
1652      +			put '; csdeEducatorOn()" onmouseout="this.style.background=';put "'#265d93';";		
1653      +			put '; csdeEducatorOff()"&gt;';
1654      +			%if "&amp;reportname" = "globalnav" %then %do;
1655      +				put '&lt;a TARGET=_self href="'; put "&amp;_websrvname"; put '/SASStoredProcess/do?_program=%2FCTDOE%2F';
1656      +				put "&amp;_folderpath"; put '%2FPublic%2FReports%2FStoredProcesses%2FFTEStaffingReport&amp;_default=Yes&amp;_select=Submit&amp;_parampass=Yes'; put '" style="color: #FFFFFF;"&gt;Staffing
1656     !+Levels&lt;/a&gt;&lt;/li&gt;';
1657      +			%end;
1658      +			%else %if "&amp;reportname" = "enrollment" or "&amp;reportname" = "bullying" or "&amp;reportname" = "student"
1659      +						or "&amp;reportname" = "incident" or "&amp;reportname" = "discipline" %then %do;
1660      +				put '&lt;a TARGET=_self href="'; put "&amp;_websrvname"; put '/SASStoredProcess/do?_program=%2FCTDOE%2F';
1661      +				put "&amp;_folderpath"; put '%2FPublic%2FReports%2FStoredProcesses%2FFTEStaffingReport&amp;_district=';
1662      +				put "&amp;_district"; put '&amp;_select=Submit&amp;_parampass=Yes'; put '&amp;_year='; put "&amp;_year"; put '&amp;_filterby='; put "All";
1663      +				put '&amp;_school='; %if  1=1 %then %do; put "&amp;_school"; %end; put '&amp;_subgroup='; put "";
1664      +				put '" style="color: #FFFFFF;"&gt;Staffing Levels&lt;/a&gt;&lt;/li&gt;';
1665      +			%end;
1666      +			%else %if "&amp;reportname" = "orgsearch" or "&amp;reportname" = "peoplesearch" %then %do;
1667      +				%if "&amp;orgdistrict" eq "" or "&amp;orgdistrict" eq " " %then %do;
1668      +				put '&lt;a TARGET=_self href="'; put "&amp;_websrvname"; put '/SASStoredProcess/do?_program=%2FCTDOE%2F';
1669      +				put "&amp;_folderpath"; put '%2FPublic%2FReports%2FStoredProcesses%2FFTEStaffingReport&amp;_default=Yes&amp;_select=Submit&amp;_parampass=Yes'; put '" style="color: #FFFFFF;"&gt;Staffing
1669     !+Levels&lt;/a&gt;&lt;/li&gt;';
1670      +				%end;
1671      +				%else %do;
1672      +					put '&lt;a TARGET=_self href="'; put "&amp;_websrvname"; put '/SASStoredProcess/do?_program=%2FCTDOE%2F';
1673      +					put "&amp;_folderpath"; put '%2FPublic%2FReports%2FStoredProcesses%2FFTEStaffingReport&amp;_district=';
1674      +					put "&amp;orgdistrict"; put '&amp;_select=Submit&amp;_parampass=Yes'; put '&amp;_year=Trend'; put '&amp;_filterby=All'; put '&amp;_subgroup=';
1675      +					put '&amp;_school='; %if  1=2 %then %do; put "&amp;orgname"; %end;
1676      +					put '" style="color: #FFFFFF;"&gt;Staffing Levels&lt;/a&gt;&lt;/li&gt;';
1677      +				%end;
1678      +			%end;
1679      +			%else %do;
1680      +			%end;
1681      +
1682      +
                                                                                          The SAS System

1683      +/*			put '&lt;li id="edu4" style="top: 90px;" '; */
1684      +/*			put 'onmouseover="this.style.background='; put "'#7C7F81';";*/
1685      +/*			put '; csdeEducatorOn()" onmouseout="this.style.background=';put "'#265d93';";		*/
1686      +/*			put '; csdeEducatorOff()"&gt;';*/
1687      +/*			put '	&lt;a TARGET=_self href="'; put "&amp;_websrvname"; put '/SASStoredProcess/do?_program=%2FCTDOE%2F';*/
1688      +/*			put "&amp;_folderpath"; put '%2FPublic%2FReports%2FStoredProcesses%2FSalaryReport" style="color: #FFFFFF;"&gt;Salary&lt;/a&gt;&lt;/li&gt;';*/
1689      +
1690      +		put '&lt;/article&gt;&lt;/div&gt;';
1691      +
1692      +		put '&lt;div id="divInstruction"&gt;&lt;article id="articleInstruction" style="position: absolute; top: 30px; left: 800px; display: none; z-index: 10;
1693      +				color: #FFFFFF; text-decoration: none; background: #265d93; border-top: 1px solid #FFFFFF; font: 11px Arial; width: 175px;"&gt;';
<em><font color=green>WARNING: The quoted string currently being processed has become more than 262 characters long.  You might have unbalanced quotation marks.
</font></em>1694      +				
1695      +/*			put '&lt;li id="ins1" style="top: 0px;" '; */
1696      +/*			put 'onmouseover="this.style.background='; put "'#7C7F81';";*/
1697      +/*			put '; csdeInstructionOn()" onmouseout="this.style.background=';put "'#265d93';";		*/
1698      +/*			put '; csdeInstructionOff()"&gt;';*/
1699      +/*			put '	&lt;a TARGET=_self href="'; put "&amp;_websrvname"; put '/SASStoredProcess/do?_program=%2FCTDOE%2F';*/
1700      +/*			put "&amp;_folderpath"; put '%2FPublic%2FReports%2FStoredProcesses%2FClassSizeReport" style="color: #FFFFFF;"&gt;Class Size&lt;/a&gt;&lt;/li&gt;';*/
1701      +
1702      +			put '&lt;li id="ins1" style="top: -2px;" ';
1703      +			put 'onmouseover="this.style.background='; put "'#7C7F81';";
1704      +			put '; csdeInstructionOn()" onmouseout="this.style.background=';put "'#265d93';";		
1705      +			put '; csdeInstructionOff()"&gt;';
1706      +			%if "&amp;reportname" = "globalnav" %then %do;
1707      +				put '	&lt;a TARGET=_self href="'; put "&amp;_websrvname"; put '/SASStoredProcess/do?_program=%2FCTDOE%2F';
1708      +				put "&amp;_folderpath"; put '%2FPublic%2FReports%2FStoredProcesses%2FCCRCourseTakingReport&amp;_year=Trend&amp;_district=State of Connecticut&amp;_select=Submit&amp;_school=&amp;_subgroup=" style="color:
1708     !+#FFFFFF;"&gt;Courses&lt;/a&gt;&lt;/li&gt;';
1709      +/*				put '	&lt;a TARGET=_self href="'; put "&amp;_websrvname"; put '/SASStoredProcess/do?_program=%2FCTDOE%2F';*/
1710      +/*				put "&amp;_folderpath"; put '%2FPublic%2FReports%2FStoredProcesses%2FCourseTakingReport" style="color: #FFFFFF;"&gt;Courses&lt;/a&gt;&lt;/li&gt;';			*/
1711      +			%end;
1712      +			%else %if "&amp;reportname" = "enrollment" or "&amp;reportname" = "bullying" or "&amp;reportname" = "student"
1713      +						or "&amp;reportname" = "incident" or "&amp;reportname" = "discipline" %then %do;
1714      +				put '&lt;a TARGET=_self href="'; put "&amp;_websrvname"; put '/SASStoredProcess/do?_program=%2FCTDOE%2F';
1715      +				put "&amp;_folderpath"; put '%2FPublic%2FReports%2FStoredProcesses%2FCCRCourseTakingReport&amp;_district=';
1716      +				put "&amp;_district"; put '&amp;_select=Submit&amp;_parampass=Yes'; put '&amp;_year='; put "&amp;_year"; put '&amp;_school='; put ""; put '&amp;_subgroup='; put "";
1717      +				put '" style="color: #FFFFFF;"&gt;Courses&lt;/a&gt;&lt;/li&gt;';
1718      +/*				put '	&lt;a TARGET=_self href="'; put "&amp;_websrvname"; put '/SASStoredProcess/do?_program=%2FCTDOE%2F';*/
                                                                                          The SAS System

1719      +/*				put "&amp;_folderpath"; put '%2FPublic%2FReports%2FStoredProcesses%2FCourseTakingReport" style="color: #FFFFFF;"&gt;Courses&lt;/a&gt;&lt;/li&gt;';			*/
1720      +			%end;
1721      +			%else %if "&amp;reportname" = "orgsearch" or "&amp;reportname" = "peoplesearch" %then %do;
1722      +				%if "&amp;orgdistrict" eq "" or "&amp;orgdistrict" eq " " %then %do;
1723      +					put '	&lt;a TARGET=_self href="'; put "&amp;_websrvname"; put '/SASStoredProcess/do?_program=%2FCTDOE%2F';
1724      +					put "&amp;_folderpath"; put '%2FPublic%2FReports%2FStoredProcesses%2FCCRCourseTakingReport&amp;_year=Trend&amp;_district=State of Connecticut&amp;_select=Submit&amp;_school=&amp;_subgroup=" style="color:
1724     !+ #FFFFFF;"&gt;Courses&lt;/a&gt;&lt;/li&gt;';
1725      +/*				put '	&lt;a TARGET=_self href="'; put "&amp;_websrvname"; put '/SASStoredProcess/do?_program=%2FCTDOE%2F';*/
1726      +/*				put "&amp;_folderpath"; put '%2FPublic%2FReports%2FStoredProcesses%2FCourseTakingReport" style="color: #FFFFFF;"&gt;Courses&lt;/a&gt;&lt;/li&gt;';			*/
1727      +				%end;
1728      +				%else %do;
1729      +					put '&lt;a TARGET=_self href="'; put "&amp;_websrvname"; put '/SASStoredProcess/do?_program=%2FCTDOE%2F';
1730      +					put "&amp;_folderpath"; put '%2FPublic%2FReports%2FStoredProcesses%2FCCRCourseTakingReport&amp;_district=';
1731      +					put "&amp;orgdistrict"; put '&amp;_select=Submit&amp;_parampass=Yes'; put '&amp;_year='; put "Trend"; put '&amp;_school='; put ""; put '&amp;_subgroup='; put "";
1732      +					put '" style="color: #FFFFFF;"&gt;Courses&lt;/a&gt;&lt;/li&gt;';
1733      +	/*				put '	&lt;a TARGET=_self href="'; put "&amp;_websrvname"; put '/SASStoredProcess/do?_program=%2FCTDOE%2F';*/
1734      +	/*				put "&amp;_folderpath"; put '%2FPublic%2FReports%2FStoredProcesses%2FCourseTakingReport" style="color: #FFFFFF;"&gt;Courses&lt;/a&gt;&lt;/li&gt;';			*/
1735      +				%end;
1736      +			%end;
1737      +			%else %do;
1738      +			%end;	
1739      +
1740      +
1741      +			put '&lt;li id="ins2" style="top: 25px;" ';
1742      +			put 'onmouseover="this.style.background='; put "'#7C7F81';";
1743      +			put '; csdeInstructionOn()" onmouseout="this.style.background=';put "'#265d93';";		
1744      +			put '; csdeInstructionOff()"&gt;';
1745      +			put '	&lt;a TARGET=_self href="'; put "&amp;_websrvname"; put '/SASStoredProcess/do?_program=%2FCTDOE%2F';
1746      +			put "&amp;_folderpath"; put '%2FPublic%2FReports%2FStoredProcesses%2FResourcesReport" style="color: #FFFFFF;"&gt;Resources&lt;/a&gt;&lt;/li&gt;';
1747      +
1748      +		put '&lt;/article&gt;&lt;/div&gt;';
1749      +
1750      +		put '&lt;div id="divPerformance"&gt;&lt;article id="articlePerformance" style="position: absolute; top: 30px; left: 1000px; display: none; z-index: 10;
1751      +				color: #FFFFFF; text-decoration: none; background: #265d93; border-top: 1px solid #FFFFFF; font: 11px Arial; width: 175px;"&gt;';
<em><font color=green>WARNING: The quoted string currently being processed has become more than 262 characters long.  You might have unbalanced quotation marks.
</font></em>1752      +
1753      +
1754      +			put '&lt;li id="prf1" style="top: -2px;" ';
                                                                                          The SAS System

1755      +			put 'onmouseover="this.style.background='; put "'#7C7F81';";
1756      +			put '; csdePerformanceOn()" onmouseout="this.style.background=';put "'#265d93';";		
1757      +			put '; csdePerformanceOff()"&gt;';
1758      +
1759      +			%if "&amp;reportname" = "globalnav" %then %do;
1760      +				put '&lt;a TARGET=_self href="'; put "&amp;_websrvname"; put '/SASStoredProcess/do?_program=%2FCTDOE%2F';
1761      +				put "&amp;_folderpath"; put
1761     !+'%2FPublic%2FReports%2FStoredProcesses%2FCMTCAPTScienceReport&amp;_year=2015-16&amp;_district=State+of+Connecticut&amp;_subgroup=All+Students&amp;_grade=All+Grades+Combined&amp;_select=Submit"
1761     !+style="color: #FFFFFF;"&gt;CMT/CAPT&lt;/a&gt;&lt;/li&gt;';
1762      +			%end;
1763      +			%else %if "&amp;reportname" = "enrollment" or "&amp;reportname" = "bullying" or "&amp;reportname" = "student"
1764      +						or "&amp;reportname" = "incident" or "&amp;reportname" = "discipline" %then %do;
1765      +				put '&lt;a TARGET=_self href="'; put "&amp;_websrvname"; put '/SASStoredProcess/do?_program=%2FCTDOE%2F';
1766      +				put "&amp;_folderpath"; put '%2FPublic%2FReports%2FStoredProcesses%2FCMTCAPTScienceReport&amp;_district=';
1767      +				put "&amp;_district"; put '&amp;_year='; put "&amp;_year"; put '&amp;_subgroup='; put "All+Students"; put '&amp;_grade='; put "All+Grades+Combined";
1768      +				put '&amp;_select=Submit&amp;_parampass=Yes';
1769      +				put '&amp;_school='; put "+";
1770      +				put '" style="color: #FFFFFF;"&gt;CMT/CAPT&lt;/a&gt;&lt;/li&gt;';
1771      +			%end;
1772      +			%else %if "&amp;reportname" = "orgsearch" or "&amp;reportname" = "peoplesearch" %then %do;
1773      +				%if "&amp;orgdistrict" eq "" or "&amp;orgdistrict" eq " " %then %do;
1774      +					put '&lt;a TARGET=_self href="'; put "&amp;_websrvname"; put '/SASStoredProcess/do?_program=%2FCTDOE%2F';
1775      +					put "&amp;_folderpath"; put
1775     !+'%2FPublic%2FReports%2FStoredProcesses%2FCMTCAPTScienceReport&amp;_year=2015-16&amp;_district=State+of+Connecticut&amp;_subgroup=All+Students&amp;_grade=All+Grades+Combined&amp;_select=Submit"
1775     !+style="color: #FFFFFF;"&gt;CMT/CAPT&lt;/a&gt;&lt;/li&gt;';
1776      +				%end;
1777      +				%else %do;
1778      +					put '&lt;a TARGET=_self href="'; put "&amp;_websrvname"; put '/SASStoredProcess/do?_program=%2FCTDOE%2F';
1779      +					put "&amp;_folderpath"; put '%2FPublic%2FReports%2FStoredProcesses%2FCMTCAPTScienceReport&amp;_district=';
1780      +					put "&amp;orgdistrict"; put '&amp;_year='; put "&amp;_year"; put '&amp;_subgroup='; put "All+Students"; put '&amp;_grade='; put "All+Grades+Combined";
1781      +					put '&amp;_school='; put "+";	put '&amp;_select=Submit&amp;_parampass=Yes';
1782      +					put '" style="color: #FFFFFF;"&gt;CMT/CAPT&lt;/a&gt;&lt;/li&gt;';
1783      +				%end;
1784      +			%end;
1785      +			%else %do;
1786      +			%end;
1787      +
1788      +			put '&lt;li id="prf2" style="top: 25px;" ';
                                                                                          The SAS System

1789      +			put 'onmouseover="this.style.background='; put "'#7C7F81';";
1790      +			put '; csdePerformanceOn()" onmouseout="this.style.background=';put "'#265d93';";		
1791      +			put '; csdePerformanceOff()"&gt;';
1792      +
1793      +			%if "&amp;reportname" = "globalnav" %then %do;
1794      +				put '	&lt;a TARGET=_self href="'; put "&amp;_websrvname"; put '/SASStoredProcess/do?_program=%2FCTDOE%2F';
1795      +				put "&amp;_folderpath"; put '%2FPublic%2FReports%2FStoredProcesses%2FCollegeEntranceandPersistenceReport&amp;_year=Trend&amp;_district=State+of+Connecticut&amp;_select=Submit&amp;_parampass=Yes"
1795     !+style="color: #FFFFFF;"&gt;College/Postsecondary&lt;/a&gt;&lt;/li&gt;';
1796      +			%end;
1797      +			%else %if "&amp;reportname" = "enrollment" or "&amp;reportname" = "bullying" or "&amp;reportname" = "student"
1798      +						or "&amp;reportname" = "incident" or "&amp;reportname" = "discipline" %then %do;
1799      +				put '&lt;a TARGET=_self href="'; put "&amp;_websrvname"; put '/SASStoredProcess/do?_program=%2FCTDOE%2F';
1800      +				put "&amp;_folderpath"; put '%2FPublic%2FReports%2FStoredProcesses%2FCollegeEntranceandPersistenceReport&amp;_district=';
1801      +				put "&amp;_district"; put '&amp;_select=Submit&amp;_parampass=Yes'; put '&amp;_year='; put "&amp;_year";  put '&amp;_school='; put "&amp;_school";
1802      +				put '" style="color: #FFFFFF;"&gt;College/Postsecondary&lt;/a&gt;&lt;/li&gt;';
1803      +			%end;
1804      +			%else %if "&amp;reportname" = "orgsearch" or "&amp;reportname" = "peoplesearch" %then %do;
1805      +				%if "&amp;orgdistrict" eq "" or "&amp;orgdistrict" eq " " %then %do;
1806      +					put '	&lt;a TARGET=_self href="'; put "&amp;_websrvname"; put '/SASStoredProcess/do?_program=%2FCTDOE%2F';
1807      +					put "&amp;_folderpath"; put '%2FPublic%2FReports%2FStoredProcesses%2FCollegeEntranceandPersistenceReport&amp;_year=Trend&amp;_district=State+of+Connecticut&amp;_select=Submit&amp;_parampass=Yes"
1807     !+style="color: #FFFFFF;"&gt;College/Postsecondary&lt;/a&gt;&lt;/li&gt;';
1808      +				%end;
1809      +				%else %do;
1810      +					put '&lt;a TARGET=_self href="'; put "&amp;_websrvname"; put '/SASStoredProcess/do?_program=%2FCTDOE%2F';
1811      +					put "&amp;_folderpath"; put '%2FPublic%2FReports%2FStoredProcesses%2FCollegeEntranceandPersistenceReport&amp;_district=';
1812      +					put "&amp;orgdistrict"; put '&amp;_select=Submit&amp;_parampass=Yes'; put '&amp;_year=Trend'; put '&amp;_school='; put "&amp;orgname";
1813      +					put '" style="color: #FFFFFF;"&gt;College/Postsecondary&lt;/a&gt;&lt;/li&gt;';
1814      +				%end;
1815      +			%end;
1816      +			%else %do;
1817      +			%end;
1818      +
1819      +			put '&lt;li id="prf3" style="top: 52px;" ';
1820      +			put 'onmouseover="this.style.background='; put "'#7C7F81';";
1821      +			put '; csdePerformanceOn()" onmouseout="this.style.background=';put "'#265d93';";		
1822      +			put '; csdePerformanceOff()"&gt;';
1823      +
1824      +			%if "&amp;reportname" = "globalnav" %then %do;
                                                                                          The SAS System

1825      +				put '	&lt;a TARGET=_self href="'; put "&amp;_websrvname"; put '/SASStoredProcess/do?_program=%2FCTDOE%2F';
1826      +				put "&amp;_folderpath"; put '%2FPublic%2FReports%2FStoredProcesses%2FGraduationReport&amp;_year=Trend&amp;_district=State+of+Connecticut&amp;_subgroup=All+Students&amp;_select=Submit&amp;_parampass=Yes"
1826     !+style="color: #FFFFFF;"&gt;Graduation Rates&lt;/a&gt;&lt;/li&gt;';
1827      +			%end;
1828      +			%else %if "&amp;reportname" = "enrollment" or "&amp;reportname" = "bullying" or "&amp;reportname" = "student"
1829      +						or "&amp;reportname" = "incident" or "&amp;reportname" = "discipline" %then %do;
1830      +				put '&lt;a TARGET=_self href="'; put "&amp;_websrvname"; put '/SASStoredProcess/do?_program=%2FCTDOE%2F';
1831      +				put "&amp;_folderpath"; put '%2FPublic%2FReports%2FStoredProcesses%2FGraduationReport&amp;_district=';
1832      +				put "&amp;_district"; put '&amp;_select=Submit&amp;_parampass=Yes'; put '&amp;_year='; put "&amp;_year"; put '&amp;_subgroup=All+Students'; put '&amp;_school='; put "";
1833      +				put '" style="color: #FFFFFF;"&gt;Graduation Rates&lt;/a&gt;&lt;/li&gt;';
1834      +			%end;
1835      +			%else %if "&amp;reportname" = "orgsearch" or "&amp;reportname" = "peoplesearch" %then %do;
1836      +				%if "&amp;orgdistrict" eq "" or "&amp;orgdistrict" eq " " %then %do;
1837      +					put '	&lt;a TARGET=_self href="'; put "&amp;_websrvname"; put '/SASStoredProcess/do?_program=%2FCTDOE%2F';
1838      +					put "&amp;_folderpath"; put '%2FPublic%2FReports%2FStoredProcesses%2FGraduationReport&amp;_year=Trend&amp;_district=State+of+Connecticut&amp;_subgroup=All+Students&amp;_select=Submit&amp;_parampass=Yes"
1838     !+style="color: #FFFFFF;"&gt;Graduation Rates&lt;/a&gt;&lt;/li&gt;';
1839      +				%end;
1840      +				%else %do;
1841      +					put '&lt;a TARGET=_self href="'; put "&amp;_websrvname"; put '/SASStoredProcess/do?_program=%2FCTDOE%2F';
1842      +					put "&amp;_folderpath"; put '%2FPublic%2FReports%2FStoredProcesses%2FGraduationReport&amp;_district=';
1843      +					put "&amp;orgdistrict"; put '&amp;_select=Submit&amp;_parampass=Yes'; put '&amp;_year=Trend'; put '&amp;_subgroup=All+Students'; put '&amp;_school='; put "";
1844      +					put '" style="color: #FFFFFF;"&gt;Graduation Rates&lt;/a&gt;&lt;/li&gt;';
1845      +				%end;
1846      +			%end;
1847      +			%else %do;
1848      +			%end;
1849      +
1850      +			put '&lt;li id="prf4" style="top: 80px;" ';
1851      +			put 'onmouseover="this.style.background='; put "'#7C7F81';";
1852      +			put '; csdePerformanceOn()" onmouseout="this.style.background=';put "'#265d93';";		
1853      +			put '; csdePerformanceOff()"&gt;';
1854      +			put '	&lt;a TARGET=_self href="'; put "&amp;_websrvname"; put '/SASStoredProcess/do?_program=%2FCTDOE%2F';
1855      +			put "&amp;_folderpath"; put '%2FPublic%2FReports%2FStoredProcesses%2FK3Report" style="color: #FFFFFF;"&gt;K-3&lt;/a&gt;&lt;/li&gt;';
1856      +
1857      +			put '&lt;li id="prf5" style="top: 108px;" ';
1858      +			put 'onmouseover="this.style.background='; put "'#7C7F81';";
1859      +			put '; csdePerformanceOn()" onmouseout="this.style.background=';put "'#265d93';";		
1860      +			put '; csdePerformanceOff()"&gt;';
                                                                                          The SAS System

1861      +
1862      +			%if "&amp;reportname" = "globalnav" %then %do;
1863      +				put '&lt;a TARGET=_self href="'; put "&amp;_websrvname"; put '/SASStoredProcess/do?_program=%2FCTDOE%2F';
1864      +				put "&amp;_folderpath"; put
1864     !+'%2FPublic%2FReports%2FStoredProcesses%2FPhysicalFitnessTestReport&amp;_year=Trend&amp;_district=State+of+Connecticut&amp;_subgroup=+&amp;_grade=All+Grades+Combined&amp;_select=Submit" style="color:
1864     !+#FFFFFF;"&gt;Physical Fitness&lt;/a&gt;&lt;/li&gt;';
1865      +			%end;
1866      +			%else %if "&amp;reportname" = "enrollment" or "&amp;reportname" = "bullying" or "&amp;reportname" = "student"
1867      +						or "&amp;reportname" = "incident" or "&amp;reportname" = "discipline" %then %do;
1868      +				put '&lt;a TARGET=_self href="'; put "&amp;_websrvname"; put '/SASStoredProcess/do?_program=%2FCTDOE%2F';
1869      +				put "&amp;_folderpath"; put '%2FPublic%2FReports%2FStoredProcesses%2FPhysicalFitnessTestReport&amp;_district=';
1870      +				put "&amp;_district"; put '&amp;_year='; put "&amp;_year"; put '&amp;_subgroup='; put "+"; put '&amp;_grade='; put "All+Grades+Combined";
1871      +				put '&amp;_select=Submit&amp;_parampass=Yes';
1872      +				put '&amp;_school='; put "+";
1873      +				put '" style="color: #FFFFFF;"&gt;Physical Fitness&lt;/a&gt;&lt;/li&gt;';
1874      +			%end;
1875      +			%else %if "&amp;reportname" = "orgsearch" or "&amp;reportname" = "peoplesearch" %then %do;
1876      +				%if "&amp;orgdistrict" eq "" or "&amp;orgdistrict" eq " " %then %do;
1877      +					put '&lt;a TARGET=_self href="'; put "&amp;_websrvname"; put '/SASStoredProcess/do?_program=%2FCTDOE%2F';
1878      +					put "&amp;_folderpath"; put
1878     !+'%2FPublic%2FReports%2FStoredProcesses%2FPhysicalFitnessTestReport&amp;_year=Trend&amp;_district=State+of+Connecticut&amp;_subgroup=+&amp;_grade=All+Grades+Combined&amp;_select=Submit" style="color:
1878     !+#FFFFFF;"&gt;Physical Fitness&lt;/a&gt;&lt;/li&gt;';
1879      +				%end;
1880      +				%else %do;
1881      +					put '&lt;a TARGET=_self href="'; put "&amp;_websrvname"; put '/SASStoredProcess/do?_program=%2FCTDOE%2F';
1882      +					put "&amp;_folderpath"; put '%2FPublic%2FReports%2FStoredProcesses%2FPhysicalFitnessTestReport&amp;_district=';
1883      +					put "&amp;orgdistrict"; put '&amp;_year='; put "Trend"; put '&amp;_subgroup='; put "+"; put '&amp;_grade='; put "All+Grades+Combined";
1884      +					put '&amp;_school='; put "+";	put '&amp;_select=Submit&amp;_parampass=Yes';
1885      +					put '" style="color: #FFFFFF;"&gt;Physical Fitness&lt;/a&gt;&lt;/li&gt;';
1886      +				%end;
1887      +			%end;
1888      +			%else %do;
1889      +			%end;
1890      +
1891      +			put '&lt;li id="prf6" style="top: 135px;" ';
1892      +			put 'onmouseover="this.style.background='; put "'#7C7F81';";
1893      +			put '; csdePerformanceOn()" onmouseout="this.style.background=';put "'#265d93';";		
1894      +			put '; csdePerformanceOff()"&gt;';
                                                                                          The SAS System

1895      +
1896      +			%if "&amp;reportname" = "globalnav" %then %do;
1897      +				put '&lt;a TARGET=_self href="'; put "&amp;_websrvname"; put '/SASStoredProcess/do?_program=%2FCTDOE%2F';
1898      +				put "&amp;_folderpath"; put
1898     !+'%2FPublic%2FReports%2FStoredProcesses%2FCTSchoolDaySATReport&amp;_year=2015-16&amp;_district=State+of+Connecticut&amp;_subject=All+Subjects&amp;_subgroup=All+Students&amp;_select=Submit" style="color:
1898     !+#FFFFFF;"&gt;SAT/AP/PSAT&lt;/a&gt;&lt;/li&gt;';
1899      +			%end;
1900      +			%else %if "&amp;reportname" = "enrollment" or "&amp;reportname" = "bullying" or "&amp;reportname" = "student"
1901      +						or "&amp;reportname" = "incident" or "&amp;reportname" = "discipline" %then %do;
1902      +				put '&lt;a TARGET=_self href="'; put "&amp;_websrvname"; put '/SASStoredProcess/do?_program=%2FCTDOE%2F';
1903      +				put "&amp;_folderpath"; put '%2FPublic%2FReports%2FStoredProcesses%2FCTSchoolDaySATReport&amp;_district=';
1904      +				put "&amp;_district"; put '&amp;_year='; put "&amp;_year"; put '&amp;_subgroup='; put "All+Students";
1905      +				put '&amp;_subject='; put "All+Subjects";	put '&amp;_select=Submit&amp;_parampass=Yes';
1906      +				put '&amp;_school='; put "&amp;_school";
1907      +				put '" style="color: #FFFFFF;"&gt;SAT/AP/PSAT&lt;/a&gt;&lt;/li&gt;';
1908      +			%end;
1909      +			%else %if "&amp;reportname" = "orgsearch" or "&amp;reportname" = "peoplesearch" %then %do;
1910      +				%if "&amp;orgdistrict" eq "" or "&amp;orgdistrict" eq " " %then %do;
1911      +					put '&lt;a TARGET=_self href="'; put "&amp;_websrvname"; put '/SASStoredProcess/do?_program=%2FCTDOE%2F';
1912      +					put "&amp;_folderpath"; put
1912     !+'%2FPublic%2FReports%2FStoredProcesses%2FCTSchoolDaySATReport&amp;_year=2015-16&amp;_district=State+of+Connecticut&amp;_subject=All+Subjects&amp;_subgroup=All+Students&amp;_select=Submit" style="color:
1912     !+#FFFFFF;"&gt;SAT/AP/PSAT&lt;/a&gt;&lt;/li&gt;';
1913      +				%end;
1914      +				%else %do;
1915      +					put '&lt;a TARGET=_self href="'; put "&amp;_websrvname"; put '/SASStoredProcess/do?_program=%2FCTDOE%2F';
1916      +					put "&amp;_folderpath"; put '%2FPublic%2FReports%2FStoredProcesses%2FCTSchoolDaySATReport&amp;_district=';
1917      +					put "&amp;orgdistrict"; put '&amp;_year='; put "2015-16"; put '&amp;_subgroup='; put "All+Students";
1918      +					put '&amp;_school='; put "+"; put '&amp;_subject='; put "All+Subjects";	put '&amp;_select=Submit&amp;_parampass=Yes';
1919      +					put '" style="color: #FFFFFF;"&gt;SAT/AP/PSAT&lt;/a&gt;&lt;/li&gt;';
1920      +				%end;
1921      +			%end;
1922      +			%else %do;
1923      +			%end;
1924      +
1925      +			put '&lt;li id="prf7" style="top: 162px;" ';
1926      +			put 'onmouseover="this.style.background='; put "'#7C7F81';";
1927      +			put '; csdePerformanceOn()" onmouseout="this.style.background=';put "'#265d93';";		
1928      +			put '; csdePerformanceOff()"&gt;';
                                                                                          The SAS System

1929      +
1930      +			%if "&amp;reportname" = "globalnav" %then %do;
1931      +				put '&lt;a TARGET=_self href="'; put "&amp;_websrvname"; put '/SASStoredProcess/do?_program=%2FCTDOE%2F';
1932      +				put "&amp;_folderpath"; put '%2FPublic%2FReports%2FStoredProcesses%2FSmarterBalancedAssessmentReport&amp;_default=Yes&amp;_select=Submit" style="color: #FFFFFF;"&gt;Smarter Balanced&lt;/a&gt;&lt;/li&gt;';
1933      +			%end;
1934      +			%else %if "&amp;reportname" = "enrollment" or "&amp;reportname" = "bullying" or "&amp;reportname" = "student"
1935      +						or "&amp;reportname" = "incident" or "&amp;reportname" = "discipline" %then %do;
1936      +				put '&lt;a TARGET=_self href="'; put "&amp;_websrvname"; put '/SASStoredProcess/do?_program=%2FCTDOE%2F';
1937      +				put "&amp;_folderpath"; put '%2FPublic%2FReports%2FStoredProcesses%2FSmarterBalancedAssessmentReport&amp;_district=';
1938      +				put "&amp;_district"; put '&amp;_year='; put "&amp;_year"; put '&amp;_subgroup='; put "All+Students"; put '&amp;_grade='; put "All+Grades+Combined";
1939      +				put '&amp;_subject='; put "ELA+and+Math";	put '&amp;_select=Submit&amp;_parampass=Yes';
1940      +				put '&amp;_school='; put "+";
1941      +				put '" style="color: #FFFFFF;"&gt;Smarter Balanced&lt;/a&gt;&lt;/li&gt;';
1942      +			%end;
1943      +			%else %if "&amp;reportname" = "orgsearch" or "&amp;reportname" = "peoplesearch" %then %do;
1944      +				%if "&amp;orgdistrict" eq "" or "&amp;orgdistrict" eq " " %then %do;
1945      +					put '&lt;a TARGET=_self href="'; put "&amp;_websrvname"; put '/SASStoredProcess/do?_program=%2FCTDOE%2F';
1946      +					put "&amp;_folderpath"; put '%2FPublic%2FReports%2FStoredProcesses%2FSmarterBalancedAssessmentReport&amp;_default=Yes&amp;_select=Submit" style="color: #FFFFFF;"&gt;Smarter Balanced&lt;/a&gt;&lt;/li&gt;';
1947      +				%end;
1948      +				%else %do;
1949      +					put '&lt;a TARGET=_self href="'; put "&amp;_websrvname"; put '/SASStoredProcess/do?_program=%2FCTDOE%2F';
1950      +					put "&amp;_folderpath"; put '%2FPublic%2FReports%2FStoredProcesses%2FSmarterBalancedAssessmentReport&amp;_district=';
1951      +					put "&amp;orgdistrict"; put '&amp;_year='; put "&amp;_year"; put '&amp;_subgroup='; put "All+Students"; put '&amp;_grade='; put "All+Grades+Combined";
1952      +					put '&amp;_school='; put "+"; put '&amp;_subject='; put "ELA+and+Math";	put '&amp;_select=Submit&amp;_parampass=Yes';
1953      +					put '" style="color: #FFFFFF;"&gt;Smarter Balanced&lt;/a&gt;&lt;/li&gt;';
1954      +				%end;
1955      +			%end;
1956      +			%else %do;
1957      +			%end;
1958      +
1959      +		put '&lt;/article&gt;&lt;/div&gt;';
1960      +
1961      +		put '	&lt;![endif]--&gt;';
1962      +
1963      +
1964      +	/******			IE ONLY	END		******/
1965      +
1966      +
                                                                                          The SAS System

1967      +		put '&lt;/div&gt;	';
1968      +	run;
1969      +
1970      +%mend;
1971      +run;
<font color=blue>NOTE: %INCLUDE (level 1) ending.
</font>1972       %include 'G:\SASData\CTDOE\EdSight\Release\public\code\reportmacros\csde_reporting_fitness_macros.sas';
<font color=blue>NOTE: %INCLUDE (level 1) file G:\SASData\CTDOE\EdSight\Release\public\code\reportmacros\csde_reporting_fitness_macros.sas is file 
      G:\SASData\CTDOE\EdSight\Release\public\code\reportmacros\csde_reporting_fitness_macros.sas.
</font>1973      +
1974      +/********************************************************/
1975      +/*														*/
1976      +/*														*/
1977      +/*			 CSDE_REPORTING_FITNESS_MACROS.SAS			*/
1978      +/*														*/
1979      +/*														*/
1980      +/********************************************************/
1981      +
1982      +
1983      +/****************************************/
1984      +/****************************************/
1985      +/****************************************/
1986      +
1987      +%macro physicalfitnessprompts(reportname);
1988      +
1989      +	/* Uncomment for REL in EdSight subfolder, comment out all other */
1990      +	%let _folderpath =EdSight%2FRelease%2FReporting;
1991      +
1992      +	data _null_;
1993      +	file _webout;
1994      +	/* Create the list of leftpane items according to which report is calling the macro (passing &amp;reportname value).
1995      +		Only for Student, Discipline, Bullying, Incident, and Enrollment.
1996      +	*/
1997      +		put ' 	&lt;div id="main"&gt;
1998      +				&lt;div id="leftpane"&gt;
1999      +					&lt;ul id="topList" style="position: absolute; top: 50px; left: 10px;"&gt;	
2000      +		';
2001      +	
                                                                                          The SAS System

2002      +		put '	&lt;li class="curr"&gt;Physical Fitness Tests&lt;/li&gt;';
2003      +		put '&lt;BR&gt;
2004      +			&lt;li style="padding-left: 10px; font-weight: bold; font-size: 12px; color: black" class="curr"&gt;Related Links&lt;/li&gt;';
2005      +		put '&lt;!--[if IE]&gt;  &lt;li class="none"&gt; &lt;/li&gt; 	&lt;![endif]--&gt;';
2006      +		put ' &lt;HR width="200" size="2" color="#285e94"&gt;';
2007      +
2008      +		/********************************************************/
2009      +		/*	ADD ADDITIONAL EXTERNAL LINKS HERE					*/
2010      +		/********************************************************/
2011      +        put "&lt;li class='none'&gt;&lt;a TARGET=NEWWINDOW href='&amp;_websrvname/relatedreports/ReportNotes_PhysicalFitness.pdf'&gt;Report Notes&lt;/a&gt;&lt;/li&gt;";
2012      +
2013      +		put '		&lt;/ul&gt;
2014      +				&lt;/div&gt;
2015      +		';
2016      +
2017      +		/** Begin rightpane section where prompts will be generated. **/
2018      +		put '&lt;div id="rightpane" style="top: 100px;"&gt;';
2019      +		put '&lt;FORM ACTION='"&amp;_URL"' style="width: 150%; font: 12px Arial; color: #265d93;"&gt;';
2020      +
2021      +		/* The following %if/%else statements control the breadcrumbs and titles */
2022      +		put '&lt;p style="font: 13px Arial; color: #000000; position: absolute; top:-50px;"&gt;Performance &gt; Physical Fitness&lt;/p&gt;';
2023      +		put '&lt;p style="font: 24px Arial; color: #000000; position: absolute; top:-25px;"&gt;Physical Fitness Tests: Students Reaching Health Standard&lt;/p&gt;';
2024      +	run;
2025      +
2026      +	/*
2027      +		GRADE prompt begins here
2028      +	*/
2029      +	
2030      +	data _null_;
2031      +	file _webout;
2032      +		put 'Select Grade: &amp;nbsp &amp;nbsp &lt;input type="radio" name="_grade" value="All Grades Combined" onclick=this.form.submit();'; %if "&amp;_grade" eq "All Grades Combined" OR %length(&amp;_grade)
2032     !+= 0 %then %do; put ' checked '; %end; put ' &gt;All Grades Combined&lt;/&gt;';
2033      +		put '&amp;nbsp &amp;nbsp &lt;input type="radio" name="_grade" value="All Grades" onclick=this.form.submit();'; %if "&amp;_grade" eq "All Grades" %then %do; put ' checked '; %end; put ' &gt;All
2033     !+Grades&lt;/&gt;';
2034      +		put '&amp;nbsp &amp;nbsp &lt;input type="radio" name="_grade" value="4" onclick=this.form.submit();'; %if "&amp;_grade" eq "4" %then %do; put ' checked '; %end; put ' &gt;4&lt;/&gt;';
2035      +		put '&amp;nbsp &amp;nbsp &lt;input type="radio" name="_grade" value="6" onclick=this.form.submit();'; %if "&amp;_grade" eq "6" %then %do; put ' checked '; %end; put ' &gt;6&lt;/&gt;';
2036      +		put '&amp;nbsp &amp;nbsp &lt;input type="radio" name="_grade" value="8" onclick=this.form.submit();'; %if "&amp;_grade" eq "8" %then %do; put ' checked '; %end; put ' &gt;8&lt;/&gt;';
2037      +		put '&amp;nbsp &amp;nbsp &lt;input type="radio" name="_grade" value="10" onclick=this.form.submit();'; %if "&amp;_grade" eq "10" %then %do; put ' checked '; %end; put ' &gt;10&lt;/&gt;';
                                                                                          The SAS System

2038      +		put '&lt;br&gt; &lt;br&gt;';
2039      +	run;
2040      +
2041      +	/*
2042      +		YEAR prompt begins here
2043      +	*/
2044      +		data _null_;
2045      +		file _webout;
2046      +		/* ONCHANGE= submits the form when the value of the dropdown has been changed */
2047      +		put 'Year: &amp;nbsp &lt;select name="_year" id="select1" onchange=this.form.submit(); style="width: 6%; font: 12px Arial;"&gt;';
2048      +		run;
2049      +		
2050      +/*		data drpdwn1;*/
2051      +/*		set drpdwn1;*/
2052      +/*		if schoolyear &gt;= '2013-14';*/
2053      +/*		run;*/
2054      +
2055      +		data _null_;
2056      +		file _webout;
2057      +		/* Uses drpdwn1 table for input, this is created in the STP before this macro is called */
2058      +		set drpdwn1 end=end;
2059      +		/* The default display of drop down items is set here */
2060      +		%if %length(&amp;_year) = 0 %then %do;
2061      +			/* Add first to the list the hardcoded value of Trend when the first observation is being read */
2062      +			if _n_=1 then put '&lt;option selected&gt;Trend';
2063      +			/* Then use all subsequent values of schoolyear */
2064      +			var=trim(left(schoolyear));
2065      +			put '&lt;option&gt;' var;
2066      +		%end;
2067      +		%else %do;
2068      +			if _n_=1 then do;
2069      +				if "&amp;_year" eq "Trend" then put '&lt;option selected&gt;Trend';
2070      +				else put '&lt;option&gt;Trend';
2071      +			end;
2072      +			var=trim(left(schoolyear));
2073      +			if "&amp;_year" eq var then put '&lt;option selected&gt;' var;
2074      +			else put '&lt;option&gt;' var;
2075      +		%end;
                                                                                          The SAS System

2076      +		if end then put '&lt;/select&gt; &amp;nbsp &amp;nbsp &amp;nbsp &amp;nbsp ';
2077      +		run;
2078      +	
2079      +	/*
2080      +		DISTRICT prompt begins here
2081      +	*/
2082      +	data _null_;
2083      +	file _webout;
2084      +	put 'District: &amp;nbsp &lt;select name="_district" id="select3" onchange=this.form.submit(); style="width: 15%; font: 12px Arial;"&gt;';
2085      +	run;
2086      +	
2087      +	data _null_;
2088      +	file _webout;
2089      +	/* Uses drpdwn2 table for input, this is created in the STP before this macro is called */
2090      +	set drpdwn2 end=end;
2091      +	%if %length(&amp;_district) = 0 %then %do;
2092      +		if _n_=1 then do;
2093      +			/* Create blank value on top of value list */
2094      +/*			put '&lt;option selected&gt;  '; */
2095      +			/* Create State of connecticut and All District values at top of value list */
2096      +				put '&lt;option selected&gt;State of Connecticut';
2097      +				put '&lt;option&gt;All Districts';
2098      +		end;
2099      +		/* Read in all orgdistrict values */
2100      +		var=trim(left(orgdistrict));
2101      +		put '&lt;option&gt;' var;
2102      +	%end;
2103      +	/* The following %else controls what to do with the drop down list display when values have been submitted */
2104      +	%else %do;
2105      +		/* Logic for if a " " is selected */
2106      +		if "&amp;_district" eq " " then do;
2107      +			if _n_=1 then do;
2108      +/*				put '&lt;option selected&gt;  '; */
2109      +				put '&lt;option selected&gt;State of Connecticut';
2110      +				put '&lt;option&gt;All Districts';
2111      +			end;
2112      +		end;
2113      +		/* Logic for if State of Connecticut is selected */
                                                                                          The SAS System

2114      +			else if "&amp;_district" eq "State of Connecticut" then do;
2115      +				if _n_=1 then do;
2116      +/*					put '&lt;option&gt;  '; */
2117      +					put '&lt;option selected&gt;State of Connecticut';
2118      +					put '&lt;option&gt;All Districts';
2119      +				end;
2120      +			end;
2121      +			/* Logic for if All Districts is selected */
2122      +			else if "&amp;_district" eq "All Districts" then do;
2123      +				if _n_=1 then do;
2124      +/*					put '&lt;option&gt;  '; */
2125      +					put '&lt;option&gt;State of Connecticut';
2126      +					put '&lt;option selected&gt;All Districts';
2127      +				end;
2128      +			end;
2129      +		else do;
2130      +			if _n_=1 then do;
2131      +/*				put '&lt;option&gt;  '; */
2132      +				put '&lt;option&gt;State of Connecticut';
2133      +				put '&lt;option&gt;All Districts';
2134      +			end;
2135      +		end;
2136      +	
2137      +		var=trim(left(orgdistrict));
2138      +	
2139      +		/* When the read encounters the value equal to the user selection, it uses &lt;option selected&gt; to display in drop down */
2140      +		if var = "&amp;_district" then put '&lt;option selected&gt;' var;
2141      +		else put '&lt;option&gt;' var;
2142      +	%end;
2143      +	if end then put '&lt;/select&gt; &amp;nbsp &amp;nbsp &amp;nbsp &amp;nbsp ';
2144      +	run;
2145      +
2146      +		
2147      +	/*
2148      +		SCHOOL prompt begins here
2149      +	*/
2150      +	data _null_;
2151      +	file _webout;
                                                                                          The SAS System

2152      +	put 'Schools: &amp;nbsp &lt;select name="_school" id="select2" style="width: 12%; font: 12px Arial;"';
2153      +	%if (%length(&amp;_district)eq 0) or ("&amp;_district" eq " ") or ("&amp;_district" eq "State of Connecticut")
2154      +		%then put ' onchange=this.form.submit(); enabled&gt;';
2155      +	%else put ' onchange=this.form.submit();&gt;'; ;
2156      +	run;
2157      +	
2158      +	data _null_;
2159      +	file _webout;
2160      +
2161      +	%if "&amp;_district" eq "State of Connecticut" or "&amp;_district" eq "All Districts" %then %do;
2162      +		%if "&amp;_district" eq "State of Connecticut" %then %do;
2163      +			put '&lt;option selected&gt;  ';
2164      +		%end;
2165      +		%else %do;
2166      +			if "&amp;_school" eq "All Schools" then do;
2167      +				put '&lt;option&gt;  ';
2168      +				put '&lt;option selected&gt;All Schools';
2169      +			end;
2170      +			else do;
2171      +				put '&lt;option selected&gt;  ';
2172      +				put '&lt;option&gt;All Schools';
2173      +			end;
2174      +		%end;
2175      +	%end;
2176      +	%else %do;
2177      +		set drpdwn (where=(orgdistrict="&amp;_district")) end=end;
2178      +		
2179      +		if "&amp;_school" eq " " then do;
2180      +			if _n_ = 1 then do;
2181      +				put '&lt;option selected&gt;  ';
2182      +				put '&lt;option&gt;All Schools';
2183      +			end;
2184      +		end;
2185      +		else if "&amp;_school" eq "All Schools" then do;
2186      +			if _n_ = 1 then do;
2187      +				put '&lt;option&gt;  ';
2188      +				put '&lt;option selected&gt;All Schools';
2189      +			end;
                                                                                          The SAS System

2190      +		end;
2191      +		else do;
2192      +			if _n_ = 1 then do;
2193      +				put '&lt;option&gt;  ';
2194      +				put '&lt;option&gt;All Schools';
2195      +			end;
2196      +		end;
2197      +	
2198      +		var=trim(left(orgname));
2199      +	
2200      +		if var = "&amp;_school" then put '&lt;option selected&gt;' var;
2201      +		else put '&lt;option&gt;' var;
2202      +	%end;
2203      +	run;
2204      +	
2205      +	data _null_;
2206      +	file _webout;
2207      +	put '&lt;/select&gt;';
2208      +	put '&amp;nbsp &amp;nbsp &amp;nbsp &amp;nbsp';
2209      +	run;
2210      +
2211      +	/*
2212      +		SUBGROUP prompt begins here
2213      +	*/
2214      +
2215      +	/* Subgroup prompts are only used for the enrollment report and are controlled (in terms of display) by the %if statement here */
2216      +
2217      +		data _null_;
2218      +		file _webout;
2219      +		put 'Tests: &amp;nbsp &lt;select name="_subgroup" id="select4" style="width: 12%; font: 12px Arial;"';
2220      +		%if ("&amp;_district" eq "State of Connecticut" )or %length(&amp;_district) = 0	
2221      +			%then put 'disabled&gt;';
2222      +		%else put '&gt;';
2223      +		run;
2224      +			
2225      +		data _null_;
2226      +		file _webout;
2227      +		/* Uses drpdwn1 table for input, this is created in the STP before this macro is called */
                                                                                          The SAS System

2228      +		set drpdwn3 (where=(
2229      +
2230      +			%if "&amp;_school" eq "" or "&amp;_school" eq " " %then %do;
2231      +				%if "&amp;_district" eq "State of Connecticut" %then %do;
2232      +					orgsubgroup = "All Tests - State"
2233      +				%end;
2234      +				%else %do;
2235      +					orgsubgroup ne "All Tests - State" and orgsubgroup ne "All Tests - School"
2236      +				%end;		
2237      +			%end;
2238      +			%else %if "&amp;_school" eq "All Schools" %then %do;
2239      +				orgsubgroup ne "All Tests - State" and orgsubgroup ne "All Tests - District"
2240      +			%end;
2241      +			%else %do;
2242      +				orgsubgroup ne "All Tests - State" and orgsubgroup ne "All Tests - District"
2243      +			%end;
2244      +
2245      +			)) end=end;
2246      +
2247      +
2248      +		/* The default display of drop down items is set here */
2249      +		%if %length(&amp;_subgroup) = 0 %then %do;
2250      +			/* Add first to the list the hardcoded value of Trend when the first observation is being read */
2251      +			if _n_=1 then put '&lt;option value=" " selected&gt; ';
2252      +			/* Then use all subsequent values of schoolyear */
2253      +			var=trim(left(orgsubgroup));
2254      +			var2=trim(left(orgsubgroup2));
2255      +			put '&lt;option value="' var '"&gt;' var2;
2256      +		%end;
2257      +		%else %do;
2258      +			if _n_=1 then do;
2259      +				if "&amp;_subgroup" eq " " then put '&lt;option value=" " selected&gt; ';
2260      +				else put '&lt;option value=" " selected&gt; ';
2261      +			end;
2262      +			var=trim(left(orgsubgroup));
2263      +			var2=trim(left(orgsubgroup2));
2264      +
2265      +			if "&amp;_subgroup" eq var then put '&lt;option selected value="' var '"&gt;' var2;
                                                                                          The SAS System

2266      +			else put '&lt;option value="' var '"&gt;' var2;
2267      +		%end;
2268      +		if end then put '&lt;/select&gt; &amp;nbsp &amp;nbsp &amp;nbsp &amp;nbsp ';
2269      +		run;
2270      +
2271      +%mend;
2272      +run;
<font color=blue>NOTE: %INCLUDE (level 1) ending.
</font>2273       %include 'G:\SASData\CTDOE\EdSight\Release\public\code\reportmacros\csde_reporting_other_macros.sas';
<font color=blue>NOTE: %INCLUDE (level 1) file G:\SASData\CTDOE\EdSight\Release\public\code\reportmacros\csde_reporting_other_macros.sas is file 
      G:\SASData\CTDOE\EdSight\Release\public\code\reportmacros\csde_reporting_other_macros.sas.
</font>2274      +
2275      +/********************************************************/
2276      +/*														*/
2277      +/*														*/
2278      +/*			 CSDE_REPORTING_OTHER_MACROS.SAS			*/
2279      +/*														*/
2280      +/*														*/
2281      +/********************************************************/
2282      +
2283      +/****************************************/
2284      +/****************************************/
2285      +/****************************************/
2286      +
2287      +%macro enrollmentbutton(reportname);
2288      +
2289      +	/***
2290      +		enrollmentbutton(reportname) generates the html associated with the buttons and ends the form of the prompts officially &lt;/form&gt;.
2291      +	***/
2292      +
2293      +	/* Add new reports to the %if when they need to use the buttons */
2294      +	%if "&amp;reportname"="enrollment" or "&amp;reportname"="discipline" or "&amp;reportname"="bullying"  or "&amp;reportname"="incident" or "&amp;reportname"="ppr" %then %do;
2295      +		data _null_;
2296      +		file _webout;
2297      +			put '&lt;INPUT TYPE="HIDDEN" NAME="_program" VALUE="'"&amp;_program"'"&gt;';
2298      +
2299      +			%if "&amp;reportname" eq "ppr" %then %do;
2300      +				%if %length(&amp;_year) &gt; 0 and (%length(&amp;_district) &gt; 0 or %length(&amp;_school) &gt; 0)%then %do;
                                                                                          The SAS System

2301      +					/* The curvature of buttons is determined by the border-radius options in the style= statement*/
2302      +					put '&lt;input name="_select" type="submit" value="Submit" style="cursor:pointer; padding:5px 15px; background:#285e94; border:1px solid #000000;
2303      +				border-radius: 10px; color:#f3f3f3; font-size:1.1em; height: 36px; width: 84px;"&gt; &lt;br&gt; &lt;br&gt; &lt;br&gt; &lt;br&gt; &lt;br&gt; &lt;br&gt;';
2304      +				%end;
2305      +				%else %do;
2306      +					/* The curvature of buttons is determined by the border-radius options in the style= statement*/
2307      +					put '&lt;input name="_select" type="submit" value="Submit" style="cursor:pointer; padding:5px 15px; background:#7C7F81; border:1px solid #000000;
2308      +				border-radius: 10px; color:#f3f3f3; font-size:1.1em; height: 36px; width: 84px;" disabled&gt; &lt;br&gt; &lt;br&gt; &lt;br&gt; &lt;br&gt; &lt;br&gt; &lt;br&gt;';
<em><font color=green>WARNING: The quoted string currently being processed has become more than 262 characters long.  You might have unbalanced quotation marks.
</font></em>2309      +				%end;
2310      +			%end;
2311      +			%else %do;
2312      +				%if %length(&amp;_year) &gt; 0 and %length(&amp;_district) &gt; 0 %then %do;
2313      +					/* The curvature of buttons is determined by the border-radius options in the style= statement*/
2314      +					put '&lt;input name="_select" type="submit" value="Submit" style="cursor:pointer; padding:5px 15px; background:#285e94; border:1px solid #000000;
2315      +				border-radius: 10px; color:#f3f3f3; font-size:1.1em; height: 36px; width: 84px;"&gt; &lt;br&gt; &lt;br&gt; &lt;br&gt; &lt;br&gt; &lt;br&gt; &lt;br&gt;';
2316      +				%end;
2317      +				%else %do;
2318      +					/* The curvature of buttons is determined by the border-radius options in the style= statement*/
2319      +					put '&lt;input name="_select" type="submit" value="Submit" style="cursor:pointer; padding:5px 15px; background:#7C7F81; border:1px solid #000000;
2320      +				border-radius: 10px; color:#f3f3f3; font-size:1.1em; height: 36px; width: 84px;" disabled&gt; &lt;br&gt; &lt;br&gt; &lt;br&gt; &lt;br&gt; &lt;br&gt; &lt;br&gt;';
<em><font color=green>WARNING: The quoted string currently being processed has become more than 262 characters long.  You might have unbalanced quotation marks.
</font></em>2321      +				%end;
2322      +			%end;
2323      +			put '&lt;/form&gt;';
2324      +		run;
2325      +	%end;
2326      +
2327      +
2328      +%mend;
2329      +run;
2330      +
2331      +/****************************************/
2332      +/****************************************/
2333      +/****************************************/
2334      +
2335      +%macro comment_out_formats;
2336      +
                                                                                          The SAS System

2337      +	/***
2338      +		comment_out_formats is the list of formats already in the formats library. This macro does not get called. It is here as a backup only.
2339      +	***/
2340      +
2341      +	/* initial formats */
2342      +	proc format;
2343      +		value $racef (notsorted)
2344      +		'I' = 'American Indian or Alaskan'
2345      +		'A' = 'Asian'
2346      +		'B' = 'Black or African American'
2347      +		'W' = 'White'
2348      +		'H' = 'Hispanic or Latino'
2349      +		'N' = 'Hawaiian or Pacific Islander'
2350      +		'T' = 'Two or More Races'
2351      +		;
2352      +		value $sexf (notsorted)
2353      +		'F' = 'Female'
2354      +		'M' = 'Male'
2355      +		;
2356      +		value $gradef (notsorted)
2357      +		'PK'  = 'PK (Pre-Kindergarten)'
2358      +		'KH'  = 'KH (K, Half Day)'
2359      +		'KE'  = 'KE (K, Extended Day)'
2360      +		'KF'  = 'KF (K, Full Day)'
2361      +		'G1' = 'Grade 1'
2362      +		'G2' = 'Grade 2'
2363      +		'G3' = 'Grade 3'
2364      +		'G4' = 'Grade 4'
2365      +		'G5' = 'Grade 5'
2366      +		'G6' = 'Grade 6'
2367      +		'G7' = 'Grade 7'
2368      +		'G8' = 'Grade 8'
2369      +		'G9' = 'Grade 9'
2370      +		'G10' = 'Grade 10'
2371      +		'G11' = 'Grade 11'
2372      +		'G12' = 'Grade 12'
2373      +		;
2374      +		value gradenf
                                                                                          The SAS System

2375      +		1  = 'PK'
2376      +		2  = 'KH'
2377      +		3  = 'KE'
2378      +		4  = 'KF'
2379      +		5  = 'G1'
2380      +		6  = 'G2'
2381      +		7  = 'G3'
2382      +		8  = 'G4'
2383      +		9  = 'G5'
2384      +		10 = 'G6'
2385      +		11 = 'G7'
2386      +		12 = 'G8'
2387      +		13 = 'G9'
2388      +		14 = 'G10'
2389      +		15 = 'G11'
2390      +		16 = 'G12'
2391      +		;
2392      +		invalue gradeinf
2393      +		'PK'  = 1
2394      +		'KH'  = 2
2395      +		'KE'  = 3
2396      +		'KF'  = 4
2397      +		'G1'  = 5
2398      +		'G2'  = 6
2399      +		'G3'  = 7
2400      +		'G4'  = 8
2401      +		'G5'  = 9
2402      +		'G6'  = 10
2403      +		'G7'  = 11
2404      +		'G8'  = 12
2405      +		'G9'  = 13
2406      +		'G10' = 14
2407      +		'G11' = 15
2408      +		'G12' = 16
2409      +		;
2410      +	/*	value $yearf (notsorted)*/
2411      +	/*	'2008-09' = '2008-09'*/
2412      +	/*	'2009-10' = '2009-10'*/
                                                                                          The SAS System

2413      +	/*	'2010-11' = '2010-11' */
2414      +	/*	'2011-12' = '2011-12' */
2415      +	/*	'2012-13' = '2012-13'*/
2416      +	/*	;*/
2417      +		value $lunchf (notsorted)
2418      +		'F' = 'Free'
2419      +		'R' = 'Reduced'
2420      +		'N' = 'Non-Subsidized'
2421      +		;
2422      +		value $specedf (notsorted)
2423      +		'Y' = 'Yes'
2424      +		'N' = 'No'
2425      +		;
2426      +		value $ellf (notsorted)
2427      +		'Y' = 'Yes'
2428      +		'N' = 'No'
2429      +		;
2430      +		value cntf
2431      +		.s = '*'
2432      +		. = '0'
2433      +		other = [comma12.0]
2434      +		;
2435      +	run;
2436      +
2437      +%mend comment_out_formats;
2438      +run;
2439      +
2440      +
2441      +/****************************************/
2442      +/****************************************/
2443      +/****************************************/
2444      +
2445      +%macro suppress(in=,supclass=,out=);
2446      +
2447      +	proc sort data=&amp;in out=&amp;in._sorted;
2448      +		by &amp;supclass count;
2449      +		where count ne .;
2450      +	run;
                                                                                          The SAS System

2451      +
2452      +	data &amp;out (drop=_sup_ _num_);
2453      +		set &amp;in._sorted;
2454      +		by &amp;supclass count;
2455      +		retain _sup_ _num_ ;
2456      +
2457      +		if first.&amp;supclass then
2458      +		do;
2459      +			_sup_ = 0;
2460      +			_num_ = 0;
2461      +		end;
2462      +		/************************************************************/
2463      +		/*   Find the first unsuppressed nonzero value.      		*/
2464      +		/*   Do not suppress zero.									*/
2465      +		/************************************************************/
2466      +		if count &lt; .S  or count=0 then return;
2467      +
2468      +		else
2469      +		if _sup_ eq 0 then _sup_ = ( (1 le count le &amp;cutoff) or (count eq .S) );
2470      +		_num_ + 1;
2471      +		
2472      +		if _sup_ then
2473      +		do; /* suppression */
2474      +
2475      +			if (1 le count le &amp;cutoff) or (count eq .S) or (_num_ eq 2)
2476      +/*			%if "&amp;_year" ne "Trend" %then %do; or (_num_ eq 2) %end;*/
2477      +			 then do;
2478      +				count = .S;
2479      +			end;
2480      +			else _sup_ = 0;
2481      +
2482      +			if &amp;supflag eq 0 then call symput('supflag','1');
2483      +
2484      +		end; /* suppression */
2485      +
2486      +	run;
2487      +
2488      +%mend suppress;
                                                                                          The SAS System

2489      +run;
2490      +
2491      +/****************************************/
2492      +/****************************************/
2493      +/****************************************/
2494      +
2495      +%macro suppress_discipline(in=,supclass=,out=,count=,pct=,related=);
2496      +
2497      +	data &amp;in;	set &amp;in;	if &amp;supclass=' ' then &amp;supclass="&amp;supclass Total";	run;
2498      +
2499      +	%let ParmCnt=%sysfunc(countw(&amp;count));
2500      +	%let numvars=1;
2501      +	%let o=2;
2502      +	%put ParmCnt=&amp;ParmCnt;
2503      +
2504      +			%do %while (&amp;numvars le &amp;ParmCnt) ;
2505      +				data _null_;
2506      +					a="%scan(&amp;count, &amp;numvars)";
2507      +					b=resolve(a);
2508      +					b=compress(b,'()');
2509      +					call symput("ctvar",b);
2510      +				run;
2511      +
2512      +				/* need the DATA step to deal with leading blanks in &amp;numvars caused by								*/
2513      +				/* using incrementing it using the %sysevalf function, which produces a number with leading blanks	*/
2514      +				data _null_;
2515      +						call symput("numvars", strip(&amp;numvars));
2516      +						call symput("o", strip(&amp;o));
2517      +				run;	
2518      +				%put     in   &amp;in;
2519      +				%put     numvars   &amp;numvars;
2520      +				%if "&amp;ctvar" ne ""  %then %do;
2521      +					%if "&amp;numvars"="1" %then %do; 	
2522      +						proc sort data=&amp;in out=&amp;in&amp;numvars._sorted;;
2523      +					%end;
2524      +					%else %do;
2525      +						proc sort data=&amp;in&amp;numvars._sorted out=&amp;in&amp;o._sorted;;
2526      +					%end;
                                                                                          The SAS System

2527      +						by &amp;supclass &amp;ctvar.;;
2528      +					run;
2529      +
2530      +					data &amp;in&amp;o._sorted (drop=_sup_ _num_);
2531      +
2532      +					%if "&amp;numvars"="1" %then %do; set &amp;in&amp;numvars._sorted;; %end;
2533      +					%else %do; set &amp;in&amp;o._sorted;; %end;
2534      +
2535      +					by &amp;supclass &amp;ctvar.;;
2536      +						retain _sup_ _num_ ;
2537      +
2538      +						if first.&amp;supclass then
2539      +						do;
2540      +							_sup_ = 0;
2541      +							_num_ = 0;
2542      +						end;
2543      +					
2544      +						/************************************************************/
2545      +						/*   Find the first unsuppressed nonzero value.      		*/
2546      +						/*   Do not suppress zero.									*/
2547      +						/************************************************************/
2548      +						if &amp;ctvar &lt; .S  or &amp;ctvar=0 then return;
2549      +
2550      +						else
2551      +						if _sup_ eq 0 then _sup_ = ( (1 le &amp;ctvar le &amp;cutoff) or (&amp;ctvar eq .S) );
2552      +						_num_ + 1;
2553      +		
2554      +	
2555      +						if _sup_ then do;
2556      +							if (1 le &amp;ctvar le &amp;cutoff) or (&amp;ctvar eq .S) or (_num_ eq 2) then &amp;ctvar = .S;
2557      +							else _sup_ = 0;
2558      +
2559      +							if &amp;supflag eq 0 then call symput('supflag','1');
2560      +						end;
2561      +
2562      +
2563      +				%end;
2564      +								/* Increment numvars  */
                                                                                          The SAS System

2565      +				data _null_;
2566      +					call symput("numvars", strip(%eval(&amp;numvars+1)));
2567      +					call symput("o", strip(%eval(&amp;numvars+2)));
2568      +				run;
2569      +				%put ******************************************************** &amp;numvars;
2570      +				%put ******************************************************** &amp;o;
2571      +			%end;
2572      +
2573      +	data &amp;out;	set &amp;in&amp;numvars._sorted;	run;
2574      +
2575      +
2576      +%mend suppress_discipline;
2577      +run;
2578      +
2579      +/****************************************/
2580      +/****************************************/
2581      +/****************************************/
2582      +
2583      +%macro suppress_abs(in=,supclass=,out=,count=);
2584      +
2585      +	proc sort data=&amp;in out=&amp;in._sorted;
2586      +		by &amp;supclass &amp;count;
2587      +		where &amp;count ne .;
2588      +	run;
2589      +
2590      +	data &amp;out (drop=_sup_ _num_);
2591      +		set &amp;in._sorted;
2592      +		by &amp;supclass &amp;count;
2593      +		retain _sup_ _num_ ;
2594      +
2595      +		if first.&amp;supclass then
2596      +		do;
2597      +			_sup_ = 0;
2598      +			_num_ = 0;
2599      +		end;
2600      +		/************************************************************/
2601      +		/*   Find the first unsuppressed nonzero value.      		*/
2602      +		/*   Do not suppress zero.									*/
                                                                                          The SAS System

2603      +		/************************************************************/
2604      +		if &amp;count &lt; .S  or &amp;count=0 then return;
2605      +
2606      +		else
2607      +		if _sup_ eq 0 then _sup_ = ( (1 le &amp;count le &amp;cutoff) or (&amp;count eq .S) );
2608      +		_num_ + 1;
2609      +		
2610      +		if _sup_ then
2611      +		do; /* suppression */
2612      +
2613      +			if (1 le &amp;count le &amp;cutoff) or (&amp;count eq .S) 	
2614      +				%if "&amp;supclass" eq "&amp;tclass1" or "&amp;supclass" eq "supvar" %then %do;
2615      +					or (_num_ eq 2)
2616      +				%end;
2617      +			then do;
2618      +				&amp;count = .S;
2619      +			end;
2620      +			else _sup_ = 0;
2621      +
2622      +			if &amp;supflag eq 0 then call symput('supflag','1');
2623      +
2624      +		end; /* suppression */
2625      +
2626      +	run;
2627      +
2628      +
2629      +run;
2630      +%mend suppress_abs;
2631      +run;
2632      +
2633      +/****************************************/
2634      +/****************************************/
2635      +/****************************************/
2636      +
2637      +%macro nlobs(dataset);
2638      +
2639      +   %local dsid n rc;
2640      +   %let dsid = %sysfunc(open(&amp;dataset));
                                                                                          The SAS System

2641      +   %if &amp;dsid %then
2642      +   %do; /* get number of logical observations */
2643      +
2644      +      %let n = %sysfunc(attrn(&amp;dsid,NLOBS));
2645      +      %let rc = %sysfunc(close(&amp;dsid));
2646      +
2647      +   %end; /* get number of logical observations */
2648      +   %else %put %sysfunc(sysmsg());
2649      +
2650      +   &amp;n
2651      +
2652      +%mend nlobs;
2653      +run;
<font color=blue>NOTE: %INCLUDE (level 1) ending.
</font>2654       
2655       /* data library */
2656       /*libname rptlib1 BASE "&amp;projpath\data"; */
2657       libname rptlib1 meta library="Edsight Data Public (sasrlpub-Rel)";
<font color=blue>NOTE: Libref RPTLIB1 was successfully assigned as follows: 
      Engine:        META 
      Physical Name: G:\SASData\CTDOE\EdSight\Release\public\data
</font>2658       
2659       %global _websrvname _baseurl _stpmetafolder _baseurlreset _year _district _school _subgroup _grade _select _export _default
2660       		_websrvport _subgroup_title _parampass_yearprint _schoolprint _districtprint _subgroupprint _selectprint
2661       ;
2662       
2663       %let _selectprint=%nrstr(&amp;_select);		%let _yearprint=%nrstr(&amp;_year);
2664       %let _districtprint=%nrstr(&amp;_district); %let _schoolprint=%nrstr(&amp;_school);		
2665       %let _subgroupprint=%nrstr(&amp;_subgroup);
2666       
2667       %macro create_prompts;
2668       
2669       	data work.PPRPHYEDU;
2670       	set rptlib1.PPRPHYEDU;
2671       		length schoolcode $30 schoolname $120;
2672       		if districtname eq 'State Total' then districtname = "State";
2673       		else districtname = strip(districtname);
2674       
                                                                                          The SAS System

2675       		if districtname="State" then schoolname="State";
2676       		else schoolname="District";
2677       	run;
2678       
2679       	data work.PPRSCHPHYEDU;
2680       	set rptlib1.PPRSCHPHYEDU;
2681       		if schoolname eq 'District Total' then delete;
2682       		else schoolname = strip(schoolname);
2683       	run;
2684       
2685       	data work.t1;
2686       	set work.PPRPHYEDU (where=(test ne 'Enrollment')) work.PPRSCHPHYEDU (where=(test ne 'Enrollment'));
2687       		yearrange=catx('-',strip(put(fallofyear,4.)),strip(substr(put(fallofyear+1,4.),3,2)));
2688       	run;
2689       
2690       
2691       %mend create_prompts;
2692       run;
2693       
2694       
2695       %macro physicalfitness_data_init;
2696       	/* Initial data extract; apply prompts to filter source data */
2697       	/* Used when report type is Listing */
2698       	%if "&amp;_district" eq "State of Connecticut" %then %do;
2699       
2700       		data work.t2;
2701       		set work.t1;
2702       		if districtname eq 'State';
2703       		%if ("&amp;_year" ne "Trend") %then %str(if strip(yearrange) eq strip("&amp;_year"););
2704       		%if ("&amp;_subgroup" ne "" and "&amp;_subgroup" ne " ")  %then %str(if strip(compbl(test)) eq strip(compbl("&amp;_subgroup")););
2705       		run;
2706       
2707       	%end;
2708       	%else %if "&amp;_district" eq "All Districts" and ("&amp;_school" eq "" or "&amp;_school" eq " ") %then %do;
2709       
2710       		data work.t2;
2711       		set work.t1;
2712       		if schoolname eq 'District';
                                                                                          The SAS System

2713       		%if ("&amp;_year" ne "Trend") %then %str(if strip(yearrange) eq strip("&amp;_year"););
2714       		%if ("&amp;_subgroup" ne "" and "&amp;_subgroup" ne " ")  %then %str(if strip(compbl(test)) eq strip(compbl("&amp;_subgroup")););
2715       		run;
2716       
2717       	%end;
2718       	%else %if "&amp;_district" eq "All Districts" and ("&amp;_school" eq "All Schools") %then %do;
2719       
2720       		data work.t2;
2721       		set work.t1;
2722       		if schoolname ne 'District' and (schoolname ne '' and schoolname ne ' ') and districtname ne 'State';
2723       
2724       		%if ("&amp;_year" ne "Trend") %then %str(if strip(yearrange) eq strip("&amp;_year"););
2725       		%if ("&amp;_subgroup" ne "" and "&amp;_subgroup" ne " ")  %then %str(if strip(compbl(test)) eq strip(compbl("&amp;_subgroup")););
2726       		run;
2727       
2728       	%end;
2729       	%else %if "&amp;_district" ne "All Districts" and ("&amp;_school" eq "" or "&amp;_school" eq " ") %then %do;
2730       
2731       		data work.t2;
2732       		set work.t1;
2733       		if schoolname eq 'District';
2734       		%if ("&amp;_year" ne "Trend") %then %str(if strip(yearrange) eq strip("&amp;_year"););
2735       		%if ("&amp;_district" ne "" and "&amp;_district" ne " ") and ("&amp;_district" ne "All Districts") and ("&amp;_district" ne "State of Connecticut") %then %str(if strip(compbl(districtname)) eq
2735     ! strip(compbl("&amp;_district")););
2736       		%if ("&amp;_subgroup" ne "" and "&amp;_subgroup" ne " ")  %then %str(if strip(compbl(test)) eq strip(compbl("&amp;_subgroup")););
2737       		run;
2738       
2739       	%end;
2740       	%else %if "&amp;_district" ne "All Districts" and ("&amp;_school" eq "All Schools") %then %do;
2741       
2742       		data work.t2;
2743       		set work.t1;
2744       		if schoolname ne 'District' and (schoolname ne '' and schoolname ne ' ') and districtname ne 'State';
2745       
2746       		%if ("&amp;_year" ne "Trend") %then %str(if strip(yearrange) eq strip("&amp;_year"););
2747       		%if ("&amp;_district" ne "" and "&amp;_district" ne " ") and ("&amp;_district" ne "All Districts") and ("&amp;_district" ne "State of Connecticut") %then %str(if strip(compbl(districtname)) eq
2747     ! strip(compbl("&amp;_district")););
2748       		%if ("&amp;_subgroup" ne "" and "&amp;_subgroup" ne " ")  %then %str(if strip(compbl(test)) eq strip(compbl("&amp;_subgroup")););
                                                                                          The SAS System

2749       		run;
2750       
2751       	%end;
2752       	%else %do;
2753       
2754       		data work.t2;
2755       		set work.t1;
2756       		%if ("&amp;_year" ne "Trend") %then %str(if strip(yearrange) eq strip("&amp;_year"););
2757       		%if ("&amp;_district" ne "" and "&amp;_district" ne " ") and ("&amp;_district" ne "All Districts") and ("&amp;_district" ne "State of Connecticut") %then %str(if strip(compbl(districtname)) eq
2757     ! strip(compbl("&amp;_district")););
2758       		%if ("&amp;_school" ne "" and "&amp;_school" ne " ") and ("&amp;_school" ne "All Schools") %then %str(if strip(compbl(schoolname)) eq strip(compbl("&amp;_school")););
2759       		%if ("&amp;_subgroup" ne "" and "&amp;_subgroup" ne " ")  %then %str(if strip(compbl(test)) eq strip(compbl("&amp;_subgroup")););
2760       		run;
2761       
2762       	%end;
2763       
2764       	PROC TRANSPOSE DATA=WORK.t2
2765       		OUT=WORK.T3
2766       		NAME=Grade
2767       	;
2768       		BY yearrange districtcode districtname schoolcode schoolname test;
2769       		VAR grade4_sup grade6_sup grade8_sup grade10_sup total_pct_sup;
2770       
2771       	RUN; QUIT;
2772       
2773       	data work.t4;
2774       	set work.t3;
2775       		grade=strip(scan(grade,1,'_'));
2776       		if upcase(grade) eq "TOTAL" then grade = 'Total';
2777       		else grade = strip("Grade")||' '||strip(scan(grade,2,'grade'));
2778       
2779       		%if "&amp;_grade" eq "All Grades Combined" %then %do;
2780       			if grade ne 'Total' then delete;
2781       		%end;
2782       		%else %if "&amp;_grade" eq "All Grades" %then %do;
2783       			if grade eq 'Total' then delete;
2784       		%end;
2785       		%else %do;
                                                                                          The SAS System

2786       			if strip(scan(grade,2,' ')) eq "&amp;_grade";
2787       		%end;
2788       
2789       		if grade eq 'Grade 10' then grade_sort=2;
2790       		else grade_sort=1;
2791       
2792       		districtcode='="'||strip(districtcode)||'"';
2793       		schoolcode='="'||strip(schoolcode)||'"';
2794       
2795       	run;
2796       
2797       
2798       %mend physicalfitness_data_init;
2799       
2800       /****************************************/
2801       /****************************************/
2802       /****************************************/
2803       
2804       %macro physicalfitness_pub;
2805       
2806       	/* generate table output */
2807       	%let label_style = background=#265d93 foreground=white;
2808       	%let headr_style = background=#dee7f0 foreground=black;
2809       	%let total_style = background=#fefbd8 font_weight=bold;
2810       
2811       	data title_print;
2812       		length title $512;
2813       		label title=' ';
2814       		Title= "Physical Fitness Tests: Students Reaching Health Standard, &amp;_year";
2815       		output;
2816       		%if %length(&amp;_subgroup) = 0 %then %do;
2817       			%if "&amp;_school" ne "" and "&amp;_school" ne " " %then title= "&amp;_district, &amp;_school";
2818       			%else title="&amp;_district";;
2819       		%end;
2820       		%else %do;
2821       			%if "&amp;_school" ne "" and "&amp;_school" ne " " %then title="&amp;_district, &amp;_school, &amp;_subgroup";
2822       			%else title="&amp;_district, &amp;_subgroup";;
2823       		%end;
                                                                                          The SAS System

2824       		output;
2825       		title="Notes:";
2826       		output;
2827       		title="The Connecticut Physical Fitness Assessment (CPFA) is administered to all students in Grades 4, 6, 8 and 10.";
2828       		output;
2829       		title="Only students assessed in all four areas are included in this calculation.";
2830       		output;
2831       	run;
2832       
2833       	proc report data=title_print; column title; define title / display ' '; run;
2834       
2835       		
2836       	/* Following code is for all Trend scenarios. */
2837       	%if "&amp;_year" eq "Trend" %then %do;
2838       
2839       		/* Limit Trend reporting to most recent 4 years only. */
2840       		proc sql; create table work.tmp1 (obs=5) as select distinct yearrange from work.t2 order by yearrange desc; quit;
2841       		data work.tmp1; set work.tmp1 (obs=5); run;
2842       		proc sql;
2843       			create table work.t5 as select
2844       			a.*
2845       			from work.t4 as a inner join work.tmp1 as b on a.yearrange=b.yearrange
2846       		;
2847       		quit;
2848       
2849       		proc sort data=work.t5;
2850       			by  				
2851       				%if "&amp;_district" eq "All Districts" and "&amp;_school" eq "All Schools" %then %do;
2852       					districtname SchoolName
2853       				%end;
2854       				%else %if ("&amp;_district" ne "All Districts" and "&amp;_district" ne "State of Connecticut") and ("&amp;_school" ne "" and "&amp;_school" ne " ") %then %do;
2855       					SchoolName
2856       				%end;
2857       				%else %do;
2858       					districtname
2859       				%end;
2860       
2861       				yearrange
                                                                                          The SAS System

2862       
2863       				grade_sort
2864       
2865       				grade
2866       
2867       				%if "&amp;_subgroup" eq "" or "&amp;_subgroup" eq " " %then %do;
2868       				%end;
2869       				%else %do;
2870       					test
2871       				%end;
2872       			;
2873       		run;
2874       
2875       		data work.t6; set work.t5; dummy=''; if grade eq 'Total' then grade='All Grades'; /*if col1=. then delete;*/ run;
2876       
2877       		proc report data=work.t6 nowd split='*'
2878       	         	style(header)=[font_size=10pt just=C background=#265d93 foreground=white frame=void verticalalign=top bordercolor=black]
2879       	            style(column)=[font_size=10pt just=L bordercolor=black]
2880       				style(report)=[just=L bordercolor=black width=10in]
2881       		        ;
2882       
2883       				column districtname %if "&amp;_district" ne "State of Connecticut" %then %do; districtcode %end;
2884       						%if ("&amp;_school" ne "" and "&amp;_school" ne " " ) %then %do; SchoolName schoolcode %end;
2885       						grade test col1, dummy, yearrange col1=tot ;
2886       
2887       				 define districtname    / group
2888       						%if "&amp;_district" eq "State of Connecticut" %then %do; "Organization" %end;
2889       						%else %do; "District" %end; order=data style(column)=[just=L cellwidth=2.0in font_weight=bold &amp;headr_style] style(header)=[&amp;label_style] ;
2890       				 define districtcode /  group "District Code" order=internal style(column)=[just=L cellwidth=0.75in font_weight=bold &amp;headr_style] style(header)=[&amp;label_style] ;
2891       				 define schoolname    / group "School" order=internal style(column)=[just=L cellwidth=2.0in font_weight=bold &amp;headr_style] style(header)=[&amp;label_style] ;
2892       				 define schoolcode /  group "School Code" order=internal style(column)=[just=L cellwidth=0.75in font_weight=bold &amp;headr_style] style(header)=[&amp;label_style] ;
2893       				 define grade    / group "Grade" order=data style(column)=[just=L cellwidth=1.0in font_weight=bold &amp;headr_style] style(header)=[&amp;label_style] ;
2894       				 define test    / group "Test" order=internal style(column)=[just=L cellwidth=1.25in font_weight=bold &amp;headr_style] style(header)=[&amp;label_style] ;
2895       				 define yearrange    / across	'' order=internal style(column)=[just=C cellwidth=1.0in ] style(header)=[&amp;headr_style];
2896       				 define dummy    / missing across 'Students Reaching Health Standard (%)' style(header)=[&amp;label_style];
2897       				 define col1    / display '' style(column)=[just=R cellwidth=1.5in ] f=cntfatt. ;
2898       				 define tot      / sum noprint ;	
2899       
                                                                                          The SAS System

2900       				compute districtname;
2901       			    if districtname ne ' ' then tmp1=districtname;
2902       			    if districtname eq ' ' then districtname=tmp1;
2903       				endcomp;
2904       				compute schoolname;
2905       			    if schoolname ne ' ' then tmp2=schoolname;
2906       			    if schoolname eq ' ' then schoolname=tmp2;
2907       				endcomp;
2908       				compute schoolcode;
2909       			    if schoolcode ne ' ' then tmp3=schoolcode;
2910       			    if schoolcode eq ' ' then schoolcode=tmp3;
2911       				endcomp;
2912       				compute districtcode;
2913       			    if districtcode ne ' ' then tmp4=districtcode;
2914       			    if districtcode eq ' ' then districtcode=tmp4;
2915       				endcomp;
2916       				compute grade;
2917       			    if grade ne ' ' then tmp5=grade;
2918       			    if grade eq ' ' then grade=tmp5;
2919       				endcomp;
2920       
2921       		run;
2922       
2923       	%end;
2924       
2925       	/* Following is for all non-Trend user selections. */
2926       	%else %do;
2927       
2928       		proc sort data=work.t4;
2929       			by  				
2930       				%if "&amp;_school" eq "All Schools" %then %do;
2931       					districtname SchoolName
2932       				%end;
2933       				%else %if ("&amp;_district" ne "All Districts" and "&amp;_district" ne "State of Connecticut") and ("&amp;_school" ne "" and "&amp;_school" ne " ") %then %do;
2934       					SchoolName
2935       				%end;
2936       				%else %do;
2937       					districtname
                                                                                          The SAS System

2938       				%end;
2939       
2940       				grade_sort
2941       
2942       				grade
2943       
2944       				%if "&amp;_subgroup" eq "" or "&amp;_subgroup" eq " " %then %do;
2945       				%end;
2946       				%else %do;
2947       					test
2948       				%end;
2949       			;
2950       		run;
2951       
2952       		data work.t5; set work.t4; dummy=''; if grade eq 'Total' then grade='All Grades'; /*if col1=. then delete;*/ run;
2953       
2954       		proc report data=work.t5 nowd split='*'
2955       	         	style(header)=[font_size=10pt just=C background=#265d93 foreground=white frame=void verticalalign=top bordercolor=black]
2956       	            style(column)=[font_size=10pt just=L bordercolor=black]
2957       				style(report)=[just=L bordercolor=black width=10in]
2958       		        ;
2959       
2960       				column districtname %if "&amp;_district" ne "State of Connecticut" %then %do; districtcode %end;
2961       						%if ("&amp;_school" ne "" and "&amp;_school" ne " " ) %then %do; SchoolName schoolcode %end;
2962       						grade test col1, dummy, yearrange col1=tot ;
2963       
2964       				 define districtname    / group
2965       						%if "&amp;_district" eq "State of Connecticut" %then %do; "Organization" %end;
2966       						%else %do; "District" %end; order=data style(column)=[just=L cellwidth=2.0in font_weight=bold &amp;headr_style] style(header)=[&amp;label_style] ;
2967       				 define districtcode /  group "District Code" order=internal style(column)=[just=L cellwidth=0.75in font_weight=bold &amp;headr_style] style(header)=[&amp;label_style] ;
2968       				 define schoolname    / group "School" order=internal style(column)=[just=L cellwidth=2.0in font_weight=bold &amp;headr_style] style(header)=[&amp;label_style] ;
2969       				 define schoolcode /  group "School Code" order=internal style(column)=[just=L cellwidth=0.75in font_weight=bold &amp;headr_style] style(header)=[&amp;label_style] ;
2970       				 define grade    / group "Grade" order=data style(column)=[just=L cellwidth=1.0in font_weight=bold &amp;headr_style] style(header)=[&amp;label_style] ;
2971       				 define test    / group "Test" order=internal style(column)=[just=L cellwidth=1.25in font_weight=bold &amp;headr_style] style(header)=[&amp;label_style] ;
2972       				 define yearrange    / across	'' order=internal style(column)=[just=C cellwidth=1.0in ] style(header)=[&amp;headr_style];
2973       				 define dummy    / missing across 'Students Reaching Health Standard (%)' style(header)=[&amp;label_style];
2974       				 define col1    / display '' style(column)=[just=R cellwidth=1.5in ] f=cntfatt. ;
2975       				 define tot      / sum noprint ;	
                                                                                          The SAS System

2976       
2977       				
2978       				compute districtname;
2979       			    if districtname ne ' ' then tmp1=districtname;
2980       			    if districtname eq ' ' then districtname=tmp1;
2981       				endcomp;
2982       				compute schoolname;
2983       			    if schoolname ne ' ' then tmp2=schoolname;
2984       			    if schoolname eq ' ' then schoolname=tmp2;
2985       				endcomp;
2986       				compute schoolcode;
2987       			    if schoolcode ne ' ' then tmp3=schoolcode;
2988       			    if schoolcode eq ' ' then schoolcode=tmp3;
2989       				endcomp;
2990       				compute districtcode;
2991       			    if districtcode ne ' ' then tmp4=districtcode;
2992       			    if districtcode eq ' ' then districtcode=tmp4;
2993       				endcomp;
2994       				compute grade;
2995       			    if grade ne ' ' then tmp5=grade;
2996       			    if grade eq ' ' then grade=tmp5;
2997       				endcomp;
2998       
2999       		run;
3000       
3001       	%end;
3002       
3003       
3004       %mend;
3005       run;
3006       
3007       /****************************************/
3008       /****************************************/
3009       /****************************************/
3010       
3011       %macro rpt_output;
3012       
3013       	data _null_;
                                                                                          The SAS System

3014       	call symput ('_subgroup',strip("&amp;_subgroup"));
3015       	run;
3016       
3017       
3018       	proc format;
3019       		value cntfatt
3020                       -1 = '*'
3021       				-100 = '*'
3022                       . = 'N/A'
3023                       other = [comma8.1]
3024                ;
3025       		 value cntfcnt
3026                       -1 = '*'
3027       				-100 = '*'
3028                       . = 'N/A'
3029                       other = [comma16.]
3030                ;
3031       	run;
3032       
3033       
3034       	%create_prompts;
3035       	%physicalfitness_data_init;
3036       
3037       	/* Init check flag */
3038       	%global dsempty;
3039       	%let dsempty=0;
3040       
3041       	/* Check for empty data */
3042       	data _null_;
3043       	  if eof then do;
3044       	     call symput('dsempty',1);
3045       	     put 'NOTE: EOF - no records in data!';
3046       	  end;
3047       	  stop;
3048       	  set t4 end=eof;
3049       	run;
3050       
3051       	%if &amp;dsempty. %then %do;
                                                                                          The SAS System

3052       		/* Display title appropriately based on prompt selections. */
3053       		data error_print;
3054       			length error $64;
3055       			label error='_';
3056       			error="Chronic Absenteeism";
3057       			output;
3058       			error="The query you have run did not contain any results." ;	
3059       			output;
3060       			error="Please close Excel, rerun your Web query, and retry your export.";		
3061       			output;
3062       		run;
3063       
3064       		proc report data=error_print; column error; define error / display ' '; run;
3065       	%end;
3066       	%else %do;	
3067       		%physicalfitness_pub;
3068       	%end;
3069       
3070       %mend rpt_output;
3071       run;
3072       
3073       
3074       ods listing close;
3075       ods CSV  body=_webout ;
<font color=blue>NOTE: Writing CSV Body file: _WEBOUT
</font>3076       
3077       %rpt_output;
<font color=blue>
NOTE: DATA statement used (Total process time):
      real time           0.00 seconds
      cpu time            0.00 seconds
      

NOTE: Format CNTFATT has been output.
NOTE: Format CNTFCNT has been output.

NOTE: PROCEDURE FORMAT used (Total process time):
      real time           0.01 seconds
</font>                                                                                          The SAS System

<font color=blue>      cpu time            0.01 seconds
      


NOTE: Variable schoolcode is uninitialized.
NOTE: There were 9597 observations read from the data set RPTLIB1.PPRPHYEDU.
NOTE: The data set WORK.PPRPHYEDU has 9597 observations and 18 variables.
NOTE: DATA statement used (Total process time):
      real time           0.00 seconds
      cpu time            0.00 seconds
      


NOTE: There were 57236 observations read from the data set RPTLIB1.PPRSCHPHYEDU.
NOTE: The data set WORK.PPRSCHPHYEDU has 55709 observations and 19 variables.
NOTE: DATA statement used (Total process time):
      real time           0.03 seconds
      cpu time            0.03 seconds
      


NOTE: There were 7643 observations read from the data set WORK.PPRPHYEDU.
      WHERE test not = 'Enrollment';
NOTE: There were 37921 observations read from the data set WORK.PPRSCHPHYEDU.
      WHERE test not = 'Enrollment';
NOTE: The data set WORK.T1 has 45564 observations and 20 variables.
NOTE: DATA statement used (Total process time):
      real time           0.06 seconds
      cpu time            0.04 seconds
      


NOTE: There were 45564 observations read from the data set WORK.T1.
NOTE: The data set WORK.T2 has 0 observations and 20 variables.
NOTE: DATA statement used (Total process time):
      real time           0.01 seconds
      cpu time            0.01 seconds
      
</font>                                                                                          The SAS System

<font color=blue>

NOTE: There were 0 observations read from the data set WORK.T2.
NOTE: The data set WORK.T3 has 5 observations and 8 variables.
NOTE: PROCEDURE TRANSPOSE used (Total process time):
      real time           0.01 seconds
      cpu time            0.01 seconds
      


NOTE: There were 5 observations read from the data set WORK.T3.
NOTE: The data set WORK.T4 has 1 observations and 9 variables.
NOTE: DATA statement used (Total process time):
      real time           0.00 seconds
      cpu time            0.00 seconds
      


NOTE: Numeric values have been converted to character values at the places given by: (Line):(Column).
      3077:66   
NOTE: There were 1 observations read from the data set WORK.T4.
NOTE: DATA statement used (Total process time):
      real time           0.01 seconds
      cpu time            0.00 seconds
      


NOTE: The data set WORK.TITLE_PRINT has 5 observations and 1 variables.
NOTE: DATA statement used (Total process time):
      real time           0.00 seconds
      cpu time            0.00 seconds
      


NOTE: There were 5 observations read from the data set WORK.TITLE_PRINT.
NOTE: PROCEDURE REPORT used (Total process time):
      real time           0.00 seconds
      cpu time            0.00 seconds
</font>                                                                                          The SAS System

<font color=blue>      


NOTE: There were 1 observations read from the data set WORK.T4.
NOTE: The data set WORK.T4 has 1 observations and 9 variables.
NOTE: PROCEDURE SORT used (Total process time):
      real time           0.00 seconds
      cpu time            0.00 seconds
      


NOTE: There were 1 observations read from the data set WORK.T4.
NOTE: The data set WORK.T5 has 1 observations and 10 variables.
NOTE: DATA statement used (Total process time):
      real time           0.00 seconds
      cpu time            0.00 seconds
      


</font><em><font color=green>WARNING: districtcode is not in the report definition.
WARNING: schoolcode is not in the report definition.
WARNING: schoolname is not in the report definition.
</font></em><strong><font color=red>ERROR: Variable col1 is not on file WORK.T5.
ERROR: Variable col1 is not on file WORK.T5.
</font></strong><font color=blue>NOTE: The SAS System stopped processing this step because of errors.
NOTE: PROCEDURE REPORT used (Total process time):
      real time           0.01 seconds
      cpu time            0.01 seconds
      
</font>3078       
3079       ODS CSV  CLOSE;
3080       
3081       %stpend;
3082       
3083       *  Begin EG generated code (do not edit this line);
3084       ;*';*";*/;quit;
3085       
3086       *  End EG generated code (do not edit this line);
                                                                                          The SAS System

<font color=blue>NOTE: %INCLUDE (level 1) file SASEnvironment/SASMacro/apm_request_term.sas is file D:\SASConfig94\Lev1\SASApp\SASEnvironment\SASMacro\apm_request_term.sas.
</font>3088      +/***************************************************/
3089      +/* Copyright (c) 2014 SAS Institute Inc.           */
3090      +/* SAS Campus Drive, Cary, NC, USA                 */
3091      +/* All Rights Reserved                             */
3092      +/***************************************************/
3093      +
3094      +%macro apm_request_term();
3095      +
3096      +/*
3097      + *  End the ARM execution for userid.
3098      + */
3099      +
3100      +
3101      +%ARMSTOP(maconly=yes);
3102      +%ARMEND(maconly=yes);
3103      +
3104      +
3105      +%mend;
3106      +
3107      +%apm_request_term;
<font color=blue>NOTE: %INCLUDE (level 1) ending.
</font></pre>

</div><!-- SASLOG -->
</body></html>
