"Percentage of Revenue by Source (Including School Construction), 2005-06"
"All Districts"

"","_","_","_","_"
"District","Local","State","Federal","Tuition & Other"
"Amistad Academy District",0.0,57.0,4.1,38.8
="Andover School District",54.2,42.7,2.9,0.2
="Ansonia School District",31.6,62.2,5.6,0.6
="Ashford School District",49.6,46.6,3.5,0.3
="Avon School District",93.3,5.0,1.4,0.3
="Barkhamsted School District",72.3,24.3,3.4,0.0
="Berlin School District",81.4,16.3,2.1,0.2
="Bethany School District",77.9,17.9,4.2,0.0
="Bethel School District",76.0,22.4,1.6,0.0
="Bloomfield School District",78.5,17.5,3.1,0.9
="Bolton School District",69.8,28.4,1.6,0.2
="Bozrah School District",67.6,29.2,3.1,0.1
="Branford School District",90.6,6.9,2.4,0.0
="Bridgeport School District",18.0,72.6,8.9,0.5
="Bristol School District",51.5,44.4,3.4,0.7
="Brookfield School District",92.6,5.3,2.0,0.0
="Brooklyn School District",50.1,46.3,3.5,0.0
="Canaan School District",90.3,7.6,2.0,0.1
="Canterbury School District",48.4,48.6,2.8,0.2
="Canton School District",76.5,20.5,1.9,1.1
="Chaplin School District",50.4,44.9,3.6,1.2
="Cheshire School District",81.2,16.3,1.8,0.7
="Chester School District",85.5,12.3,2.3,0.0
="Clinton School District",72.2,25.3,2.5,0.1
="Colchester School District",53.6,44.0,2.2,0.2
="Colebrook School District",81.7,14.6,2.7,0.9
="Columbia School District",72.2,25.8,1.6,0.3
="Common Ground High School District",1.8,73.4,17.9,6.9
="Cornwall School District",93.8,3.7,2.3,0.2
="Coventry School District",57.0,40.4,2.2,0.4
="Cromwell School District",70.5,27.6,1.8,0.1
="Danbury School District",62.1,33.2,4.1,0.6
="Darien School District",91.7,7.3,0.9,0.0
="Deep River School District",78.9,18.4,2.7,0.0
="Derby School District",54.4,40.9,4.6,0.0
="East Granby School District",89.0,9.5,1.3,0.2
="East Haddam School District",69.3,23.9,2.8,4.0
="East Hampton School District",64.4,33.3,2.1,0.1
="East Hartford School District",43.0,48.7,6.2,2.1
="East Haven School District",49.3,43.0,2.3,5.5
="East Lyme School District",69.0,22.2,2.1,6.7
="East Windsor School District",63.0,33.6,2.5,0.9
="Eastford School District",66.0,31.0,2.7,0.3
="Easton School District",84.9,13.4,1.5,0.2
="Ellington School District",63.7,33.7,2.5,0.1
="Elm City College Preparatory School",0.0,79.7,1.7,18.5
="Enfield School District",57.8,38.3,3.7,0.1
="Essex School District",92.6,4.8,2.6,0.0
="Explorations District",0.0,84.5,5.2,10.2
="Fairfield School District",86.8,11.7,1.5,0.0
="Farmington School District",92.6,5.0,1.7,0.7
="Franklin School District",72.4,26.4,0.9,0.3
="Glastonbury School District",79.3,18.6,1.5,0.5
="Granby School District",65.0,32.0,1.5,1.5
="Greenwich School District",94.6,2.9,2.1,0.3
="Griswold School District",38.8,47.9,4.3,9.0
="Groton School District",57.6,38.6,3.7,0.2
="Guilford School District",87.6,10.3,2.1,0.0
="Hamden School District",61.1,36.4,2.4,0.1
="Hampton School District",54.4,41.5,3.2,0.9
="Hartford School District",20.4,68.3,9.7,1.6
="Hartland School District",68.6,30.1,1.2,0.0
="Hebron School District",63.1,35.3,1.7,0.0
="Highville Mustard Seed Charter School District",5.1,84.7,9.5,0.7
="Integrated Day Charter School District",0.0,74.5,14.5,11.0
="Interdistrict School for Arts and Comm District",0.0,83.9,1.3,14.8
="Jumoke Academy District",0.0,78.2,15.5,6.2
="Kent School District",94.9,2.4,2.7,0.0
="Killingly School District",43.2,47.5,4.3,5.0
="Lebanon School District",39.3,49.8,2.1,8.8
="Ledyard School District",57.0,36.2,2.4,4.4
="Lisbon School District",52.8,44.6,2.2,0.3
="Litchfield School District",74.7,23.1,1.9,0.3
="Madison School District",92.9,4.9,1.8,0.4
="Manchester School District",61.7,32.7,4.5,1.1
="Mansfield School District",64.3,33.0,2.5,0.2
="Marlborough School District",77.3,21.3,1.4,0.0
="Meriden School District",41.2,52.5,5.7,0.7
="Middletown School District",62.2,33.0,4.2,0.6
="Milford School District",84.3,13.2,2.4,0.1
="Monroe School District",78.6,14.6,2.0,4.8
="Montville School District",57.1,38.6,3.0,1.3
="Naugatuck School District",45.4,49.6,4.6,0.4
="New Beginnings Inc., Family Academy District",0.0,72.3,10.3,17.4
="New Britain School District",33.0,59.0,7.2,0.8
="New Canaan School District",83.1,16.1,0.8,0.0
="New Fairfield School District",81.9,15.2,1.6,1.2
="New Hartford School District",67.4,30.7,1.8,0.1
="New Haven School District",26.0,63.0,9.7,1.4
="New London School District",21.0,72.1,6.2,0.7
="New Milford School District",72.0,24.5,1.9,1.6
="Newington School District",71.1,27.2,1.7,0.1
="Newtown School District",88.6,9.2,1.9,0.2
="Norfolk School District",83.1,11.7,3.7,1.4
="North Branford School District",66.6,31.1,2.0,0.3
="North Canaan School District",65.5,31.7,2.7,0.2
="North Haven School District",71.9,26.9,1.1,0.1
="North Stonington School District",69.0,26.7,3.2,1.1
="Norwalk School District",80.7,15.4,3.6,0.4
="Norwich School District",40.3,51.4,7.5,0.8
="Odyssey Community School District",0.0,87.8,0.5,11.7
="Old Saybrook School District",88.6,8.6,2.2,0.6
="Orange School District",92.1,6.1,1.8,0.0
="Oxford School District",65.9,32.9,1.2,0.0
="Plainfield School District",35.1,57.0,4.4,3.5
="Plainville School District",54.1,42.8,2.3,0.8
="Plymouth School District",48.0,50.0,1.9,0.1
="Pomfret School District",56.6,39.2,3.4,0.7
="Portland School District",75.7,21.9,2.4,0.0
="Preston School District",62.9,34.6,1.8,0.7
="Putnam School District",39.3,53.3,6.1,1.3
="Redding School District",94.6,2.9,1.6,0.8
="Regional School District 01",81.1,14.7,3.7,0.5
="Regional School District 04",86.9,11.7,1.4,0.0
="Regional School District 05",73.6,25.4,1.0,0.0
="Regional School District 06",84.2,8.8,2.6,4.3
="Regional School District 07",77.0,16.4,1.9,4.7
="Regional School District 08",70.0,28.3,1.7,0.0
="Regional School District 09",91.1,7.9,1.0,0.0
="Regional School District 10",56.2,42.8,1.1,0.0
="Regional School District 11",63.1,31.6,4.3,0.9
="Regional School District 12",91.4,3.5,2.1,3.0
="Regional School District 13",74.8,23.1,1.8,0.3
="Regional School District 14",77.0,13.8,3.4,5.8
="Regional School District 15",91.4,6.2,2.0,0.4
="Regional School District 16",61.4,36.5,1.8,0.2
="Regional School District 17",62.3,36.3,1.3,0.0
="Regional School District 18",93.9,4.7,1.3,0.1
="Regional School District 19",54.1,40.9,1.5,3.5
="Ridgefield School District",97.9,1.5,0.5,0.1
="Rocky Hill School District",86.8,11.0,2.0,0.1
="Salem School District",62.1,36.1,1.8,0.0
="Salisbury School District",92.8,3.9,3.1,0.3
="Scotland School District",50.2,45.0,3.5,1.3
="Seymour School District",51.2,39.4,2.6,6.8
="Sharon School District",93.7,3.0,3.2,0.1
="Shelton School District",84.3,13.3,2.4,0.0
="Sherman School District",94.7,3.4,1.7,0.2
="Side By Side Charter School District",0.0,92.1,2.0,5.8
="Simsbury School District",88.7,9.3,1.9,0.2
="Somers School District",56.8,40.7,2.0,0.5
="South Windsor School District",76.2,22.3,1.4,0.2
="Southington School District",69.5,25.3,1.7,3.5
="Sprague School District",49.4,46.6,3.7,0.3
="Stafford School District",31.4,66.3,2.0,0.3
="Stamford Academy District",1.6,39.9,2.7,55.8
="Stamford School District",77.3,18.5,3.6,0.6
="Sterling School District",50.3,44.9,3.1,1.7
="Stonington School District",69.9,26.9,2.7,0.5
="Stratford School District",72.1,25.2,2.5,0.2
="Suffield School District",75.9,18.9,1.9,3.3
="The Bridge Academy District",0.0,82.7,6.7,10.6
="Thomaston School District",55.3,41.8,2.8,0.1
="Thompson School District",44.6,50.4,4.2,0.7
="Tolland School District",41.5,56.9,1.5,0.1
="Torrington School District",56.1,40.6,3.0,0.2
="Trailblazers Academy District",0.0,43.9,4.5,51.6
="Trumbull School District",88.4,7.4,2.3,1.9
="Union School District",74.3,20.6,5.0,0.1
="Vernon School District",57.0,37.8,3.8,1.3
="Voluntown School District",50.1,47.6,2.3,0.1
="Wallingford School District",64.1,32.8,1.9,1.3
="Waterbury School District",35.0,56.6,7.5,0.8
="Waterford School District",79.7,17.7,2.4,0.2
="Watertown School District",56.7,40.1,2.3,0.9
="West Hartford School District",83.2,14.2,2.4,0.2
="West Haven School District",45.2,50.6,3.8,0.4
="Westbrook School District",68.3,30.1,1.6,0.0
="Weston School District",88.7,10.1,0.9,0.3
="Westport School District",94.1,4.4,1.2,0.3
="Wethersfield School District",80.7,17.0,2.2,0.2
="Willington School District",63.4,32.9,3.7,0.0
="Wilton School District",93.9,4.4,1.4,0.4
="Winchester School District",55.9,40.6,3.0,0.5
="Windham School District",28.2,55.6,12.1,4.1
="Windsor Locks School District",80.9,16.1,2.3,0.7
="Windsor School District",77.8,20.0,2.0,0.2
="Wolcott School District",55.0,42.5,2.0,0.5
="Woodbridge School District",93.7,4.1,2.1,0.1
="Woodstock School District",60.8,35.9,2.8,0.4

