"Percentage of Revenue by Source (Excluding School Construction), 2013-14"
"All Districts"

"","_","_","_","_"
"District","Local","State","Federal","Tuition & Other"
"Achievement First Hartford Academy Inc. District",0.0,76.2,13.8,10.0
="Amistad Academy District",0.0,80.2,11.5,8.3
="Andover School District",64.9,32.6,2.3,0.2
="Ansonia School District",38.1,56.3,4.9,0.8
="Ashford School District",57.2,40.0,2.8,0.0
="Avon School District",90.9,6.6,1.4,1.1
="Barkhamsted School District",75.8,21.3,2.9,0.0
="Berlin School District",80.9,17.0,2.0,0.1
="Bethany School District",82.8,14.8,2.3,0.1
="Bethel School District",77.7,20.1,2.1,0.1
="Bloomfield School District",70.9,24.3,3.6,1.3
="Bolton School District",64.9,27.4,1.5,6.1
="Bozrah School District",72.9,24.2,2.4,0.5
="Branford School District",92.3,5.1,2.1,0.6
="Brass City Charter School District",0.0,88.8,7.1,4.1
="Bridgeport Achievement First District",0.0,76.4,11.4,12.2
="Bridgeport School District",20.3,70.5,7.5,1.7
="Bristol School District",53.2,42.8,3.5,0.6
="Brookfield School District",91.7,6.7,1.5,0.1
="Brooklyn School District",51.8,45.6,2.5,0.1
="Canaan School District",91.1,6.8,2.0,0.1
="Canterbury School District",53.3,44.0,2.7,0.0
="Canton School District",78.9,19.1,1.3,0.7
="Chaplin School District",58.9,35.7,3.9,1.5
="Cheshire School District",80.9,16.4,1.9,0.8
="Chester School District",89.0,8.1,2.9,0.0
="Clinton School District",75.7,22.3,2.0,0.0
="Colchester School District",59.7,37.5,1.7,1.1
="Colebrook School District",83.8,13.4,2.7,0.1
="Columbia School District",76.3,21.7,1.8,0.2
="Common Ground High School District",0.0,73.2,7.2,19.6
="Cornwall School District",95.4,2.1,2.3,0.2
="Coventry School District",61.1,36.9,1.7,0.3
="Cromwell School District",77.5,19.4,2.3,0.8
="Danbury School District",70.3,24.8,3.9,1.0
="Darien School District",94.1,4.7,1.0,0.2
="Deep River School District",78.4,18.0,3.6,0.0
="Derby School District",57.6,38.0,4.4,0.0
="East Granby School District",84.8,14.0,1.2,0.0
="East Haddam School District",74.3,20.8,1.6,3.3
="East Hampton School District",68.9,29.3,1.8,0.1
="East Hartford School District",38.5,49.6,6.4,5.5
="East Haven School District",51.9,41.6,2.6,3.9
="East Lyme School District",73.4,18.2,1.7,6.7
="East Windsor School District",64.8,32.2,2.2,0.8
="Eastford School District",64.6,32.6,2.1,0.7
="Easton School District",92.1,5.8,1.4,0.7
="Ellington School District",66.6,31.2,1.6,0.6
="Elm City College Preparatory School District",0.0,77.3,8.4,14.3
="Enfield School District",55.8,39.7,3.8,0.7
="Essex School District",93.3,4.3,2.4,0.0
="Explorations District",7.2,67.4,2.3,23.0
="Fairfield School District",94.1,4.2,1.7,0.1
="Farmington School District",91.5,5.6,1.2,1.6
="Franklin School District",72.3,25.4,2.1,0.2
="Glastonbury School District",89.3,8.4,1.5,0.8
="Granby School District",71.6,22.8,1.5,4.2
="Greenwich School District",94.7,3.1,1.6,0.6
="Griswold School District",45.7,45.3,2.3,6.6
="Groton School District",61.3,36.2,2.4,0.1
="Guilford School District",90.5,7.9,1.5,0.2
="Hamden School District",71.7,25.7,2.5,0.1
="Hampton School District",60.4,36.4,2.5,0.6
="Hartford School District",22.9,67.1,7.1,2.9
="Hartland School District",71.8,26.0,1.9,0.3
="Hebron School District",69.4,28.8,1.6,0.2
="Highville Charter School District",0.0,88.3,8.1,3.6
="Integrated Day Charter School District",0.0,92.2,4.0,3.8
="Interdistrict School for Arts and Comm District",0.0,79.3,2.1,18.6
="Jumoke Academy District",0.0,93.5,2.8,3.7
="Kent School District",91.2,5.4,2.5,0.9
="Killingly School District",48.9,42.7,2.5,5.9
="Lebanon School District",60.4,34.5,2.0,3.0
="Ledyard School District",54.9,39.8,1.6,3.7
="Lisbon School District",54.3,43.4,1.8,0.5
="Litchfield School District",88.1,9.7,2.0,0.2
="Madison School District",92.5,5.3,1.6,0.7
="Manchester School District",63.7,31.0,3.7,1.6
="Mansfield School District",63.9,34.0,2.0,0.1
="Marlborough School District",73.9,23.3,1.9,0.9
="Meriden School District",42.0,52.1,5.0,0.9
="Middletown School District",67.7,28.4,2.5,1.4
="Milford School District",86.0,11.6,2.2,0.2
="Monroe School District",84.3,13.6,1.7,0.3
="Montville School District",60.9,35.7,2.3,1.1
="Naugatuck School District",49.8,46.6,3.6,0.0
="New Beginnings Inc., Family Academy District",0.0,79.9,7.8,12.2
="New Britain School District",31.1,61.3,6.7,0.8
="New Canaan School District",95.7,3.1,1.1,0.1
="New Fairfield School District",83.0,12.8,1.7,2.4
="New Hartford School District",75.8,21.8,2.0,0.4
="New Haven School District",24.1,64.3,9.4,2.2
="New London School District",30.8,59.2,7.3,2.7
="New Milford School District",73.2,21.8,1.9,3.1
="Newington School District",76.9,21.2,1.6,0.3
="Newtown School District",85.6,8.2,5.7,0.5
="Norfolk School District",89.6,8.2,2.1,0.2
="North Branford School District",68.7,29.3,2.0,0.0
="North Canaan School District",69.3,26.6,3.9,0.2
="North Haven School District",88.0,10.4,1.6,0.0
="North Stonington School District",74.3,23.3,2.2,0.2
="Norwalk School District",83.4,12.4,2.7,1.5
="Norwich School District",43.8,51.2,4.4,0.7
="Odyssey Community School District",0.0,89.6,1.3,9.0
="Old Saybrook School District",92.1,4.4,1.7,1.8
="Orange School District",92.4,5.6,1.9,0.1
="Oxford School District",78.5,17.7,1.6,2.1
="Park City Prep Charter School District",0.0,87.1,4.5,8.4
="Plainfield School District",43.7,48.2,2.8,5.3
="Plainville School District",62.1,34.3,2.8,0.8
="Plymouth School District",53.3,43.8,2.8,0.1
="Pomfret School District",60.9,36.0,2.7,0.5
="Portland School District",72.8,25.7,1.3,0.1
="Preston School District",65.7,31.6,2.3,0.3
="Putnam School District",43.1,52.6,3.4,0.9
="Redding School District",95.5,3.2,0.3,1.0
="Regional School District 01",82.9,14.0,2.2,0.9
="Regional School District 04",87.6,10.6,1.7,0.0
="Regional School District 05",89.9,8.4,1.3,0.4
="Regional School District 06",83.8,8.4,1.9,5.9
="Regional School District 07",73.7,19.9,1.4,5.0
="Regional School District 08",69.5,28.0,2.0,0.5
="Regional School District 09",93.4,5.6,0.9,0.1
="Regional School District 10",71.6,26.0,1.8,0.5
="Regional School District 11",60.3,34.1,2.3,3.4
="Regional School District 12",94.3,3.2,1.5,1.0
="Regional School District 13",78.8,19.5,1.3,0.3
="Regional School District 14",80.5,12.1,2.0,5.4
="Regional School District 15",89.3,8.4,1.9,0.3
="Regional School District 16",67.8,30.4,1.6,0.2
="Regional School District 17",83.5,13.7,1.9,0.9
="Regional School District 18",94.7,3.8,1.4,0.1
="Regional School District 19",50.5,33.0,1.5,14.9
="Ridgefield School District",93.4,5.1,1.4,0.2
="Rocky Hill School District",86.8,11.2,1.9,0.1
="Salem School District",70.4,28.1,1.3,0.2
="Salisbury School District",94.4,2.4,2.8,0.4
="Scotland School District",58.6,36.3,2.7,2.4
="Seymour School District",62.7,34.5,2.8,0.0
="Sharon School District",95.6,2.1,2.2,0.1
="Shelton School District",88.8,9.1,2.1,0.0
="Sherman School District",93.7,4.0,1.6,0.7
="Side By Side Charter School District",0.0,91.0,1.6,7.4
="Simsbury School District",86.5,11.5,1.8,0.1
="Somers School District",66.7,31.4,1.7,0.1
="South Windsor School District",76.5,21.3,1.5,0.6
="Southington School District",70.1,26.2,2.4,1.3
="Sprague School District",50.4,46.2,3.3,0.1
="Stafford School District",56.8,40.2,2.5,0.5
="Stamford Academy District",0.0,51.2,3.1,45.7
="Stamford School District",86.4,10.3,2.7,0.6
="Sterling School District",53.6,42.4,3.7,0.3
="Stonington School District",89.3,8.6,1.9,0.2
="Stratford School District",73.0,24.1,2.7,0.2
="Suffield School District",71.4,24.7,1.5,2.4
="The Bridge Academy District",0.3,85.4,7.0,7.4
="Thomaston School District",60.6,37.2,2.0,0.3
="Thompson School District",48.4,48.0,2.7,0.9
="Tolland School District",64.4,31.8,1.7,2.1
="Torrington School District",58.8,37.4,3.4,0.4
="Trailblazers Academy District",0.0,39.3,3.4,57.3
="Trumbull School District",91.2,5.1,1.9,1.8
="Union School District",83.4,15.0,1.7,0.0
="Vernon School District",57.6,38.9,2.5,0.9
="Voluntown School District",56.4,41.2,2.4,0.0
="Wallingford School District",73.6,23.0,2.0,1.3
="Waterbury School District",35.9,56.5,6.7,0.8
="Waterford School District",92.7,5.1,1.9,0.3
="Watertown School District",65.1,32.0,2.7,0.2
="West Hartford School District",82.3,15.0,2.3,0.4
="West Haven School District",43.8,51.4,4.4,0.4
="Westbrook School District",93.6,4.6,1.5,0.3
="Weston School District",94.6,3.6,1.2,0.6
="Westport School District",96.0,2.5,1.3,0.2
="Wethersfield School District",79.2,18.6,1.9,0.3
="Willington School District",68.0,30.1,1.8,0.1
="Wilton School District",95.2,3.3,1.3,0.2
="Windham School District",31.9,56.1,9.8,2.2
="Windsor Locks School District",77.3,20.1,1.9,0.7
="Windsor School District",76.1,21.4,2.3,0.3
="Wolcott School District",53.5,43.5,2.2,0.8
="Woodbridge School District",94.6,3.5,1.7,0.1
="Woodstock School District",61.2,35.6,2.6,0.7


"Percentage of Revenue by Source (Including School Construction), 2013-14"
"All Districts"

"","_","_","_","_"
"District","Local","State","Federal","Tuition & Other"
"Achievement First Hartford Academy Inc. District",0.0,75.7,13.7,10.6
="Amistad Academy District",0.0,79.3,11.4,9.3
="Andover School District",65.8,31.7,2.2,0.2
="Ansonia School District",38.5,56.3,4.5,0.7
="Ashford School District",55.8,41.4,2.8,0.0
="Avon School District",91.4,6.2,1.3,1.1
="Barkhamsted School District",75.8,21.3,2.9,0.0
="Berlin School District",65.9,32.4,1.6,0.1
="Bethany School District",81.8,15.9,2.2,0.1
="Bethel School District",78.5,19.4,2.0,0.1
="Bloomfield School District",71.7,23.9,3.2,1.1
="Bolton School District",67.0,25.8,1.4,5.8
="Bozrah School District",70.2,26.9,2.4,0.5
="Branford School District",91.3,6.2,2.0,0.5
="Brass City Charter School District",0.0,88.8,7.1,4.1
="Bridgeport Achievement First District",0.0,76.3,10.5,13.3
="Bridgeport School District",21.0,71.0,6.6,1.5
="Bristol School District",55.0,41.1,3.3,0.6
="Brookfield School District",91.3,7.2,1.4,0.1
="Brooklyn School District",46.6,51.0,2.4,0.1
="Canaan School District",90.5,7.5,1.9,0.1
="Canterbury School District",53.3,44.0,2.7,0.0
="Canton School District",79.2,18.9,1.3,0.7
="Chaplin School District",58.9,35.7,3.9,1.5
="Cheshire School District",81.1,16.3,1.8,0.8
="Chester School District",89.0,8.1,2.9,0.0
="Clinton School District",76.1,22.0,1.9,0.0
="Colchester School District",61.2,36.1,1.7,1.0
="Colebrook School District",81.6,15.9,2.4,0.1
="Columbia School District",75.6,22.4,1.8,0.2
="Common Ground High School District",0.0,66.9,5.3,27.8
="Cornwall School District",95.7,2.0,2.2,0.2
="Coventry School District",62.7,35.4,1.6,0.3
="Cromwell School District",77.5,19.6,2.2,0.8
="Danbury School District",70.7,24.5,3.9,1.0
="Darien School District",94.3,4.6,0.9,0.2
="Deep River School District",78.4,18.0,3.6,0.0
="Derby School District",58.6,37.1,4.3,0.0
="East Granby School District",80.6,18.2,1.2,0.0
="East Haddam School District",72.3,23.1,1.5,3.1
="East Hampton School District",68.9,29.3,1.7,0.1
="East Hartford School District",38.6,49.5,6.4,5.5
="East Haven School District",52.0,41.9,2.4,3.7
="East Lyme School District",74.9,17.2,1.6,6.3
="East Windsor School District",63.7,33.3,2.2,0.8
="Eastford School District",60.2,37.0,2.1,0.7
="Easton School District",91.8,6.3,1.3,0.6
="Ellington School District",65.7,32.3,1.5,0.5
="Elm City College Preparatory School District",0.0,64.8,3.1,32.1
="Enfield School District",55.9,39.8,3.7,0.6
="Essex School District",93.9,3.9,2.2,0.0
="Explorations District",7.2,67.4,2.3,23.0
="Fairfield School District",93.9,4.6,1.5,0.1
="Farmington School District",91.6,5.7,1.2,1.6
="Franklin School District",72.4,25.3,2.1,0.2
="Glastonbury School District",87.3,10.5,1.4,0.7
="Granby School District",73.1,21.7,1.4,3.9
="Greenwich School District",94.8,3.0,1.6,0.5
="Griswold School District",48.7,42.9,2.2,6.2
="Groton School District",61.8,35.8,2.3,0.1
="Guilford School District",81.6,16.9,1.3,0.1
="Hamden School District",72.0,25.5,2.4,0.1
="Hampton School District",62.5,34.6,2.3,0.6
="Hartford School District",23.3,67.3,6.6,2.7
="Hartland School District",69.8,28.1,1.7,0.3
="Hebron School District",70.4,27.9,1.5,0.2
="Highville Charter School District",0.0,88.3,8.1,3.6
="Integrated Day Charter School District",0.0,92.6,3.8,3.6
="Interdistrict School for Arts and Comm District",0.0,80.0,1.4,18.6
="Jumoke Academy District",0.0,87.9,2.6,9.4
="Kent School District",92.0,4.9,2.3,0.8
="Killingly School District",51.1,40.9,2.4,5.6
="Lebanon School District",61.2,33.9,2.0,3.0
="Ledyard School District",54.9,40.0,1.5,3.6
="Lisbon School District",55.2,42.6,1.8,0.5
="Litchfield School District",89.0,8.9,1.9,0.2
="Madison School District",92.9,5.1,1.5,0.6
="Manchester School District",65.1,29.8,3.6,1.5
="Mansfield School District",61.5,36.4,2.0,0.1
="Marlborough School District",76.3,21.1,1.7,0.9
="Meriden School District",36.6,59.0,3.8,0.7
="Middletown School District",69.6,26.7,2.4,1.3
="Milford School District",86.6,11.2,2.0,0.2
="Monroe School District",84.4,13.7,1.6,0.3
="Montville School District",61.9,34.7,2.3,1.1
="Naugatuck School District",30.9,65.5,3.6,0.0
="New Beginnings Inc., Family Academy District",0.0,78.6,7.7,13.7
="New Britain School District",30.7,62.0,6.6,0.8
="New Canaan School District",95.7,3.2,1.0,0.1
="New Fairfield School District",83.6,12.6,1.6,2.2
="New Hartford School District",76.5,21.2,1.9,0.4
="New Haven School District",27.9,62.0,8.2,1.9
="New London School District",30.8,60.5,6.4,2.3
="New Milford School District",72.9,22.4,1.8,2.9
="Newington School District",77.6,20.5,1.5,0.3
="Newtown School District",86.1,8.4,5.1,0.4
="Norfolk School District",89.6,8.2,2.1,0.2
="North Branford School District",61.1,37.1,1.8,0.0
="North Canaan School District",69.9,26.1,3.8,0.2
="North Haven School District",88.4,9.9,1.7,0.0
="North Stonington School District",75.3,22.4,2.1,0.2
="Norwalk School District",84.5,11.6,2.5,1.4
="Norwich School District",40.4,54.6,4.3,0.7
="Odyssey Community School District",0.0,89.8,1.0,9.2
="Old Saybrook School District",92.4,4.2,1.7,1.7
="Orange School District",93.0,5.2,1.7,0.1
="Oxford School District",80.0,16.5,1.5,2.0
="Park City Prep Charter School District",0.0,84.4,4.4,11.2
="Plainfield School District",45.5,46.7,2.7,5.1
="Plainville School District",60.8,35.9,2.6,0.7
="Plymouth School District",55.9,41.3,2.6,0.1
="Pomfret School District",61.1,35.8,2.6,0.5
="Portland School District",74.5,24.1,1.2,0.1
="Preston School District",66.9,30.6,2.2,0.3
="Putnam School District",43.1,52.6,3.4,0.9
="Redding School District",95.9,2.9,0.3,0.9
="Regional School District 01",83.8,13.3,2.1,0.9
="Regional School District 04",88.9,9.5,1.6,0.0
="Regional School District 05",90.9,7.6,1.2,0.4
="Regional School District 06",82.8,9.6,1.8,5.7
="Regional School District 07",75.0,18.9,1.4,4.7
="Regional School District 08",72.3,25.5,1.8,0.5
="Regional School District 09",94.2,4.9,0.8,0.1
="Regional School District 10",72.9,24.9,1.7,0.5
="Regional School District 11",60.3,34.1,2.3,3.4
="Regional School District 12",94.2,3.2,1.7,0.9
="Regional School District 13",79.6,18.9,1.2,0.3
="Regional School District 14",80.1,12.8,1.9,5.2
="Regional School District 15",89.2,8.7,1.8,0.3
="Regional School District 16",60.5,38.1,1.3,0.1
="Regional School District 17",84.4,12.9,1.8,0.8
="Regional School District 18",93.3,5.5,1.2,0.1
="Regional School District 19",49.1,36.3,1.4,13.2
="Ridgefield School District",93.9,4.7,1.3,0.2
="Rocky Hill School District",86.8,11.2,1.9,0.1
="Salem School District",59.1,39.5,1.3,0.2
="Salisbury School District",94.5,2.3,2.8,0.4
="Scotland School District",61.4,34.1,2.4,2.1
="Seymour School District",64.6,32.9,2.5,0.0
="Sharon School District",95.6,2.1,2.2,0.1
="Shelton School District",89.9,8.2,1.9,0.0
="Sherman School District",94.1,3.8,1.5,0.7
="Side By Side Charter School District",0.0,91.0,1.6,7.4
="Simsbury School District",87.2,11.0,1.8,0.1
="Somers School District",67.7,30.5,1.7,0.1
="South Windsor School District",76.8,21.0,1.5,0.6
="Southington School District",57.7,39.3,1.9,1.1
="Sprague School District",51.1,45.6,3.2,0.1
="Stafford School District",58.4,38.6,2.4,0.5
="Stamford Academy District",0.0,51.2,3.1,45.7
="Stamford School District",86.9,10.1,2.5,0.6
="Sterling School District",58.1,38.2,3.4,0.3
="Stonington School District",90.0,8.0,1.8,0.2
="Stratford School District",73.7,23.5,2.6,0.2
="Suffield School District",73.3,23.1,1.4,2.2
="The Bridge Academy District",0.3,81.7,6.7,11.3
="Thomaston School District",62.0,35.9,1.8,0.3
="Thompson School District",51.1,45.5,2.6,0.8
="Tolland School District",66.4,30.1,1.5,2.0
="Torrington School District",57.5,38.9,3.2,0.4
="Trailblazers Academy District",0.0,39.3,3.4,57.3
="Trumbull School District",90.6,5.9,1.8,1.7
="Union School District",88.4,10.4,1.2,0.0
="Vernon School District",54.9,41.8,2.4,0.9
="Voluntown School District",58.2,39.5,2.3,0.0
="Wallingford School District",68.1,28.6,2.0,1.3
="Waterbury School District",35.0,57.9,6.3,0.8
="Waterford School District",90.1,8.2,1.5,0.2
="Watertown School District",67.5,29.9,2.4,0.2
="West Hartford School District",82.8,14.6,2.2,0.4
="West Haven School District",45.2,50.3,4.2,0.4
="Westbrook School District",94.2,4.2,1.4,0.3
="Weston School District",95.0,3.4,1.1,0.5
="Westport School District",95.7,2.8,1.3,0.2
="Wethersfield School District",75.6,22.2,1.8,0.3
="Willington School District",68.0,30.1,1.8,0.1
="Wilton School District",95.1,3.5,1.2,0.2
="Windham School District",36.4,53.4,8.3,1.8
="Windsor Locks School District",76.6,20.9,1.9,0.7
="Windsor School District",75.7,21.9,2.2,0.2
="Wolcott School District",54.3,42.9,2.0,0.8
="Woodbridge School District",94.2,4.0,1.6,0.1
="Woodstock School District",61.3,35.5,2.5,0.7

