"Percentage of Revenue by Source (Excluding School Construction), 2012-13"
"All Districts"

"","_","_","_","_"
"District","Local","State","Federal","Tuition & Other"
"Achievement First Hartford Academy Inc. District",0.0,82.1,7.7,10.1
="Amistad Academy District",0.0,83.8,14.0,2.2
="Andover School District",64.0,33.7,2.3,0.0
="Ansonia School District",40.1,54.3,5.2,0.4
="Ashford School District",57.7,39.5,2.8,0.0
="Avon School District",92.5,5.7,1.5,0.3
="Barkhamsted School District",74.0,23.2,2.8,0.0
="Berlin School District",80.6,17.2,2.2,0.1
="Bethany School District",81.8,15.7,2.6,0.0
="Bethel School District",77.6,20.5,1.9,0.0
="Bloomfield School District",72.4,21.6,4.3,1.7
="Bolton School District",71.7,26.7,1.5,0.1
="Bozrah School District",71.9,26.0,2.1,0.0
="Branford School District",91.7,5.4,2.5,0.4
="Bridgeport Achievement First District",0.0,76.5,12.4,11.0
="Bridgeport School District",18.3,73.1,7.8,0.8
="Bristol School District",51.2,45.1,3.4,0.3
="Brookfield School District",93.1,5.2,1.7,0.0
="Brooklyn School District",51.9,45.5,2.6,0.0
="Canaan School District",90.9,6.8,2.3,0.0
="Canterbury School District",55.0,40.7,4.4,0.0
="Canton School District",80.4,17.9,1.7,0.0
="Chaplin School District",59.3,37.9,2.7,0.0
="Cheshire School District",80.7,16.6,2.2,0.5
="Chester School District",88.9,8.1,2.3,0.7
="Clinton School District",75.7,22.5,1.9,0.0
="Colchester School District",58.5,38.6,2.1,0.7
="Colebrook School District",82.7,14.2,2.9,0.1
="Columbia School District",73.2,25.0,1.9,0.0
="Common Ground High School District",0.0,71.0,6.5,22.5
="Cornwall School District",94.7,3.1,1.8,0.3
="Coventry School District",59.4,37.4,3.0,0.2
="Cromwell School District",77.4,19.9,2.6,0.0
="Danbury School District",69.1,26.2,4.2,0.6
="Darien School District",94.1,4.8,0.9,0.1
="Deep River School District",78.9,18.1,3.0,0.0
="Derby School District",58.1,37.6,4.3,0.0
="East Granby School District",85.4,13.3,1.3,0.0
="East Haddam School District",72.6,21.9,2.4,3.1
="East Hampton School District",70.6,27.6,1.7,0.1
="East Hartford School District",43.1,49.9,6.6,0.4
="East Haven School District",51.3,42.2,2.9,3.6
="East Lyme School District",79.4,19.1,1.3,0.2
="East Windsor School District",65.5,32.1,2.4,0.0
="Eastford School District",63.5,32.6,3.2,0.6
="Easton School District",93.5,5.2,1.3,0.0
="Ellington School District",65.7,32.6,1.7,0.0
="Elm City College Preparatory School District",0.0,72.1,9.5,18.4
="Enfield School District",55.2,40.5,4.3,0.0
="Essex School District",94.2,3.3,2.5,0.0
="Explorations District",13.3,60.4,4.6,21.6
="Fairfield School District",94.0,4.1,1.8,0.1
="Farmington School District",92.6,4.8,1.6,0.9
="Franklin School District",73.0,25.0,2.0,0.1
="Glastonbury School District",89.5,8.7,1.9,0.0
="Granby School District",75.9,22.3,1.8,0.0
="Greenwich School District",94.9,3.1,2.0,0.0
="Griswold School District",51.5,45.1,3.0,0.3
="Groton School District",62.0,35.6,2.4,0.0
="Guilford School District",90.2,8.0,1.6,0.2
="Hamden School District",72.9,24.3,2.7,0.1
="Hampton School District",62.8,35.1,1.9,0.1
="Hartford School District",20.5,70.0,7.6,1.8
="Hartland School District",68.1,29.9,2.0,0.0
="Hebron School District",68.7,29.7,1.6,0.0
="Highville Charter School District",4.3,85.8,7.8,2.1
="Integrated Day Charter School District",0.0,92.3,2.6,5.1
="Interdistrict School for Arts and Comm District",0.0,81.1,3.0,16.0
="Jumoke Academy District",0.0,80.2,4.3,15.5
="Kent School District",92.2,5.3,2.5,0.0
="Killingly School District",53.6,43.7,2.5,0.2
="Lebanon School District",63.5,34.5,1.9,0.0
="Ledyard School District",57.9,39.9,1.9,0.2
="Lisbon School District",56.0,42.1,1.8,0.1
="Litchfield School District",87.0,9.5,2.3,1.2
="Madison School District",93.0,4.9,1.7,0.4
="Manchester School District",64.2,31.1,4.2,0.5
="Mansfield School District",62.7,34.0,3.3,0.0
="Marlborough School District",73.4,24.1,2.3,0.1
="Meriden School District",39.6,55.1,5.0,0.2
="Middletown School District",66.7,29.6,3.3,0.5
="Milford School District",86.5,11.4,2.1,0.1
="Monroe School District",84.9,13.5,1.6,0.1
="Montville School District",61.8,35.9,2.2,0.1
="Naugatuck School District",49.1,46.6,4.2,0.0
="New Beginnings Inc., Family Academy District",0.0,83.2,10.1,6.7
="New Britain School District",27.6,62.8,8.9,0.8
="New Canaan School District",95.8,3.0,1.2,0.0
="New Fairfield School District",85.2,12.9,1.7,0.2
="New Hartford School District",76.1,21.6,2.3,0.0
="New Haven School District",22.5,66.4,10.3,0.9
="New London School District",33.5,58.9,7.1,0.5
="New Milford School District",74.3,22.7,2.4,0.6
="Newington School District",76.1,22.2,1.7,0.0
="Newtown School District",88.4,8.0,2.5,1.1
="Norfolk School District",90.0,7.7,2.2,0.2
="North Branford School District",68.1,29.4,2.5,0.0
="North Canaan School District",68.2,28.3,3.5,0.0
="North Haven School District",88.0,10.3,1.7,0.0
="North Stonington School District",73.7,24.4,2.0,0.0
="Norwalk School District",82.3,14.1,2.6,0.9
="Norwich School District",41.3,52.7,5.5,0.5
="Odyssey Community School District",0.0,88.4,1.2,10.5
="Old Saybrook School District",92.6,4.5,1.9,0.9
="Orange School District",93.1,5.1,1.8,0.0
="Oxford School District",77.7,18.4,2.2,1.8
="Park City Prep Charter School District",0.0,91.3,5.8,2.9
="Plainfield School District",47.3,50.0,2.7,0.0
="Plainville School District",62.8,34.6,2.2,0.5
="Plymouth School District",52.5,44.7,2.7,0.1
="Pomfret School District",61.1,36.3,2.4,0.2
="Portland School District",73.2,24.5,2.2,0.1
="Preston School District",65.7,32.2,2.0,0.1
="Putnam School District",38.5,56.4,4.6,0.6
="Redding School District",95.5,3.2,1.3,0.0
="Regional School District 01",86.3,11.3,2.4,0.0
="Regional School District 04",88.6,9.7,1.7,0.0
="Regional School District 05",91.2,7.4,1.3,0.0
="Regional School District 06",90.1,8.3,1.6,0.0
="Regional School District 07",78.6,19.9,1.4,0.1
="Regional School District 08",69.3,29.1,1.4,0.1
="Regional School District 09",94.6,4.0,1.4,0.0
="Regional School District 10",73.1,25.4,1.4,0.1
="Regional School District 11",61.9,35.1,2.9,0.1
="Regional School District 12",94.9,3.2,2.0,0.0
="Regional School District 13",78.6,19.7,1.5,0.1
="Regional School District 14",86.3,11.7,2.0,0.0
="Regional School District 15",90.0,8.0,2.0,0.0
="Regional School District 16",67.4,30.7,1.8,0.0
="Regional School District 17",84.6,13.2,1.3,0.9
="Regional School District 18",94.8,3.7,1.4,0.0
="Regional School District 19",64.9,33.4,1.7,0.0
="Ridgefield School District",93.6,4.9,1.5,0.1
="Rocky Hill School District",86.8,11.2,1.9,0.1
="Salem School District",65.7,32.0,2.1,0.1
="Salisbury School District",94.2,2.4,3.0,0.3
="Scotland School District",61.2,37.0,1.8,0.0
="Seymour School District",63.3,33.7,2.9,0.1
="Sharon School District",95.2,2.4,2.4,0.0
="Shelton School District",87.9,9.5,2.6,0.0
="Sherman School District",93.4,4.3,1.7,0.6
="Side By Side Charter School District",0.0,90.5,2.9,6.7
="Simsbury School District",86.3,11.5,2.0,0.2
="Somers School District",66.2,32.1,1.7,0.0
="South Windsor School District",77.0,21.3,1.4,0.3
="Southington School District",71.4,26.5,2.0,0.1
="Sprague School District",51.1,45.8,2.8,0.3
="Stafford School District",56.8,40.1,2.9,0.1
="Stamford Academy District",0.0,44.0,13.6,42.4
="Stamford School District",84.6,11.5,2.8,1.2
="Sterling School District",52.5,43.8,2.9,0.7
="Stonington School District",88.9,9.0,2.0,0.1
="Stratford School District",73.4,23.9,2.7,0.0
="Suffield School District",74.0,23.7,2.0,0.3
="The Bridge Academy District",1.5,86.8,7.2,4.6
="Thomaston School District",55.2,42.1,2.7,0.0
="Thompson School District",47.6,49.4,3.0,0.0
="Tolland School District",65.8,32.5,1.6,0.0
="Torrington School District",58.3,38.8,2.9,0.1
="Trailblazers Academy District",0.0,39.6,4.3,56.1
="Trumbull School District",92.3,4.9,2.0,0.8
="Union School District",82.7,16.0,1.3,0.0
="Vernon School District",58.2,38.4,3.4,0.0
="Voluntown School District",55.3,42.7,2.0,0.0
="Wallingford School District",73.2,24.8,2.0,0.0
="Waterbury School District",33.6,57.2,8.9,0.3
="Waterford School District",92.8,5.1,2.0,0.1
="Watertown School District",65.5,32.1,2.3,0.2
="West Hartford School District",82.5,14.7,2.7,0.1
="West Haven School District",39.7,54.4,5.7,0.2
="Westbrook School District",94.5,3.6,1.7,0.2
="Weston School District",95.2,3.2,1.3,0.3
="Westport School District",96.2,2.6,1.2,0.0
="Wethersfield School District",80.2,17.9,1.8,0.1
="Willington School District",65.9,31.4,2.4,0.4
="Wilton School District",95.6,3.1,1.3,0.0
="Winchester School District",54.4,43.1,2.4,0.1
="Windham School District",32.6,55.4,12.0,0.0
="Windsor Locks School District",78.5,19.3,2.2,0.0
="Windsor School District",76.7,21.0,2.3,0.0
="Wolcott School District",54.2,43.3,2.4,0.1
="Woodbridge School District",94.7,3.7,1.6,0.0
="Woodstock School District",62.0,34.8,2.7,0.5

