"FTE Staffing Report for 2008-09"

"District","School","Assignment Category","Educator Type","FTE Count"
"Achievement First Hartford Academy Inc. District","Achievement First Hartford Academy Inc.","Administrators  Coordinators and Department Chairs - School Level","Certified",6.0
="Amistad Academy District",="Amistad Academy",="Administrators  Coordinators and Department Chairs - School Level",="Certified",10.0
="Andover School District",="Andover Elementary School",="Administrators  Coordinators and Department Chairs - School Level",="Certified",2.0
="Ansonia School District",="Ansonia High School",="Administrators  Coordinators and Department Chairs - School Level",="Certified",2.0
,="Ansonia Middle School",="Administrators  Coordinators and Department Chairs - School Level",="Certified",2.0
,="Mead School",="Administrators  Coordinators and Department Chairs - School Level",="Certified",2.0
,="Pine Academy",="Administrators  Coordinators and Department Chairs - School Level",="Certified",1.0
,="Prendergast School",="Administrators  Coordinators and Department Chairs - School Level",="Certified",2.0
="Area Cooperative Educational Services",="A. C. E. S. Special Education Town Campus Learning Center",="Administrators  Coordinators and Department Chairs - School Level",="Certified",1.0
,="Collaborative Alternative Magnet School",="Administrators  Coordinators and Department Chairs - School Level",="Certified",1.0
,="Mill Road School",="Administrators  Coordinators and Department Chairs - School Level",="Certified",2.0
,="Thomas Edison Magnet Middle School",="Administrators  Coordinators and Department Chairs - School Level",="Certified",3.0
,="Village School",="Administrators  Coordinators and Department Chairs - School Level",="Certified",2.0
,="Whitney High School East",="Administrators  Coordinators and Department Chairs - School Level",="Certified",1.0
,="Whitney High School North",="Administrators  Coordinators and Department Chairs - School Level",="Certified",1.0
,="Wintergreen Interdistrict Magnet School",="Administrators  Coordinators and Department Chairs - School Level",="Certified",2.0
="Ashford School District",="Ashford School",="Administrators  Coordinators and Department Chairs - School Level",="Certified",3.0
="Avon School District",="Avon High School",="Administrators  Coordinators and Department Chairs - School Level",="Certified",4.0
,="Avon Middle School",="Administrators  Coordinators and Department Chairs - School Level",="Certified",2.0
,="Pine Grove School",="Administrators  Coordinators and Department Chairs - School Level",="Certified",2.0
,="Roaring Brook School",="Administrators  Coordinators and Department Chairs - School Level",="Certified",2.0
,="Thompson Brook School",="Administrators  Coordinators and Department Chairs - School Level",="Certified",2.0
="Barkhamsted School District",="Barkhamsted Elementary School",="Administrators  Coordinators and Department Chairs - School Level",="Certified",1.0
="Berlin School District",="Berlin High School",="Administrators  Coordinators and Department Chairs - School Level",="Certified",4.8
,="Catherine M. McGee Middle School",="Administrators  Coordinators and Department Chairs - School Level",="Certified",3.0
,="Emma Hart Willard School",="Administrators  Coordinators and Department Chairs - School Level",="Certified",1.5
,="Mary E. Griswold School",="Administrators  Coordinators and Department Chairs - School Level",="Certified",1.5
,="Richard D. Hubbard School",="Administrators  Coordinators and Department Chairs - School Level",="Certified",1.2
="Bethany School District",="Bethany Community School",="Administrators  Coordinators and Department Chairs - School Level",="Certified",2.0
="Bethel School District",="Anna H. Rockwell School",="Administrators  Coordinators and Department Chairs - School Level",="Certified",1.0
,="Bethel High School",="Administrators  Coordinators and Department Chairs - School Level",="Certified",4.2
,="Bethel Middle School",="Administrators  Coordinators and Department Chairs - School Level",="Certified",3.1
,="Frank A. Berry School",="Administrators  Coordinators and Department Chairs - School Level",="Certified",2.0
,="Ralph M. T. Johnson School",="Administrators  Coordinators and Department Chairs - School Level",="Certified",1.0
="Bloomfield School District",="Bloomfield High School",="Administrators  Coordinators and Department Chairs - School Level",="Certified",4.0
,="Carmen Arace Intermediate School",="Administrators  Coordinators and Department Chairs - School Level",="Certified",1.0
,="Carmen Arace Middle School",="Administrators  Coordinators and Department Chairs - School Level",="Certified",2.0
,="J. P. Vincent School",="Administrators  Coordinators and Department Chairs - School Level",="Certified",1.0
,="Laurel School",="Administrators  Coordinators and Department Chairs - School Level",="Certified",1.0
,="Metacomet School",="Administrators  Coordinators and Department Chairs - School Level",="Certified",1.0
,="The Big Picture High School",="Administrators  Coordinators and Department Chairs - School Level",="Certified",2.0
="Bolton School District",="Bolton Center School",="Administrators  Coordinators and Department Chairs - School Level",="Certified",2.0
,="Bolton High School",="Administrators  Coordinators and Department Chairs - School Level",="Certified",1.0
="Bozrah School District",="Fields Memorial School",="Administrators  Coordinators and Department Chairs - School Level",="Certified",0.8
="Branford School District",="Branford High School",="Administrators  Coordinators and Department Chairs - School Level",="Certified",6.5
,="Francis Walsh Intermediate School",="Administrators  Coordinators and Department Chairs - School Level",="Certified",3.0
,="Indian Neck School",="Administrators  Coordinators and Department Chairs - School Level",="Certified",0.8
,="John B. Sliney School",="Administrators  Coordinators and Department Chairs - School Level",="Certified",1.5
,="Mary R. Tisko School",="Administrators  Coordinators and Department Chairs - School Level",="Certified",1.5
,="Mary T. Murphy School",="Administrators  Coordinators and Department Chairs - School Level",="Certified",1.5
="Bridgeport Achievement First District",="Achievement First Bridgeport Academy",="Administrators  Coordinators and Department Chairs - School Level",="Certified",3.0
="Bridgeport School District",="Barnum School",="Administrators  Coordinators and Department Chairs - School Level",="Certified",1.0
,="Bassick High School",="Administrators  Coordinators and Department Chairs - School Level",="Certified",4.0
,="Beardsley School",="Administrators  Coordinators and Department Chairs - School Level",="Certified",2.0
,="Black Rock School",="Administrators  Coordinators and Department Chairs - School Level",="Certified",1.0
,="Blackham School",="Administrators  Coordinators and Department Chairs - School Level",="Certified",4.0
,="Bridgeport Learning Center",="Administrators  Coordinators and Department Chairs - School Level",="Certified",1.0
,="Bridgeport Regional Vocational Aquaculture School",="Administrators  Coordinators and Department Chairs - School Level",="Certified",1.0
,="Bryant School",="Administrators  Coordinators and Department Chairs - School Level",="Certified",1.0
,="Central High School",="Administrators  Coordinators and Department Chairs - School Level",="Certified",6.0
,="Cesar Batalla School",="Administrators  Coordinators and Department Chairs - School Level",="Certified",3.0
,="Classical Studies Academy",="Administrators  Coordinators and Department Chairs - School Level",="Certified",1.0
,="Columbus School",="Administrators  Coordinators and Department Chairs - School Level",="Certified",2.0
,="Cross School",="Administrators  Coordinators and Department Chairs - School Level",="Certified",2.0
,="Curiale School",="Administrators  Coordinators and Department Chairs - School Level",="Certified",2.0
,="Dunbar School",="Administrators  Coordinators and Department Chairs - School Level",="Certified",1.0
,="Edison School",="Administrators  Coordinators and Department Chairs - School Level",="Certified",1.0
,="Geraldine Johnson School",="Administrators  Coordinators and Department Chairs - School Level",="Certified",2.0
,="Hall School",="Administrators  Coordinators and Department Chairs - School Level",="Certified",1.0
,="Hallen School",="Administrators  Coordinators and Department Chairs - School Level",="Certified",1.0
,="Harding High School",="Administrators  Coordinators and Department Chairs - School Level",="Certified",4.0
,="High Horizons Magnet School",="Administrators  Coordinators and Department Chairs - School Level",="Certified",1.0
,="Hooker School",="Administrators  Coordinators and Department Chairs - School Level",="Certified",2.0
,="Jettie S. Tisdale School",="Administrators  Coordinators and Department Chairs - School Level",="Certified",2.0
,="Longfellow School",="Administrators  Coordinators and Department Chairs - School Level",="Certified",2.0
,="Luis Munoz Marin School",="Administrators  Coordinators and Department Chairs - School Level",="Certified",3.0
,="Madison School",="Administrators  Coordinators and Department Chairs - School Level",="Certified",2.0
,="Make The Grade",="Administrators  Coordinators and Department Chairs - School Level",="Certified",1.5
,="Multicultural Magnet School",="Administrators  Coordinators and Department Chairs - School Level",="Certified",1.0
,="Park City Academy",="Administrators  Coordinators and Department Chairs - School Level",="Certified",0.5
,="Park City Magnet School",="Administrators  Coordinators and Department Chairs - School Level",="Certified",1.0
,="Read School",="Administrators  Coordinators and Department Chairs - School Level",="Certified",3.0
,="Roosevelt School",="Administrators  Coordinators and Department Chairs - School Level",="Certified",2.0
,="Skane Center",="Administrators  Coordinators and Department Chairs - School Level",="Certified",1.0
,="Waltersville School",="Administrators  Coordinators and Department Chairs - School Level",="Certified",2.0
,="Winthrop School",="Administrators  Coordinators and Department Chairs - School Level",="Certified",2.0
="Bristol School District",="Bristol Central High School",="Administrators  Coordinators and Department Chairs - School Level",="Certified",6.2
,="Bristol Eastern High School",="Administrators  Coordinators and Department Chairs - School Level",="Certified",5.8
,="Chippens Hill Middle School",="Administrators  Coordinators and Department Chairs - School Level",="Certified",3.0
,="Clara T. O'Connell School",="Administrators  Coordinators and Department Chairs - School Level",="Certified",1.0
,="Clarence A. Bingham School",="Administrators  Coordinators and Department Chairs - School Level",="Certified",1.0
,="Edgewood School",="Administrators  Coordinators and Department Chairs - School Level",="Certified",1.0
,="Ellen P. Hubbell School",="Administrators  Coordinators and Department Chairs - School Level",="Certified",1.0
,="Greene-Hills School",="Administrators  Coordinators and Department Chairs - School Level",="Certified",1.0
,="Ivy Drive School",="Administrators  Coordinators and Department Chairs - School Level",="Certified",1.0
,="John J. Jennings School",="Administrators  Coordinators and Department Chairs - School Level",="Certified",1.0
,="Memorial Boulevard Middle School",="Administrators  Coordinators and Department Chairs - School Level",="Certified",2.0
,="Mountain View School",="Administrators  Coordinators and Department Chairs - School Level",="Certified",1.0
,="Northeast Middle School",="Administrators  Coordinators and Department Chairs - School Level",="Certified",1.0
,="South Side School",="Administrators  Coordinators and Department Chairs - School Level",="Certified",2.0
,="Stafford School",="Administrators  Coordinators and Department Chairs - School Level",="Certified",1.0
="Brookfield School District",="Brookfield High School",="Administrators  Coordinators and Department Chairs - School Level",="Certified",3.4
,="Center Elementary School",="Administrators  Coordinators and Department Chairs - School Level",="Certified",1.0
,="Huckleberry Hill Elementary School",="Administrators  Coordinators and Department Chairs - School Level",="Certified",2.4
,="Whisconier Middle School",="Administrators  Coordinators and Department Chairs - School Level",="Certified",2.4
="Brooklyn School District",="Brooklyn Elementary School",="Administrators  Coordinators and Department Chairs - School Level",="Certified",1.4
,="Brooklyn Middle School",="Administrators  Coordinators and Department Chairs - School Level",="Certified",2.7
="Canaan School District",="Lee H. Kellogg School",="Administrators  Coordinators and Department Chairs - School Level",="Certified",1.0
="Canterbury School District",="Canterbury Elementary School",="Administrators  Coordinators and Department Chairs - School Level",="Certified",1.0
,="Dr. Helen Baldwin Middle School",="Administrators  Coordinators and Department Chairs - School Level",="Certified",1.0
="Canton School District",="Canton High School",="Administrators  Coordinators and Department Chairs - School Level",="Certified",5.1
,="Canton Intermediate School",="Administrators  Coordinators and Department Chairs - School Level",="Certified",1.0
,="Canton Middle School",="Administrators  Coordinators and Department Chairs - School Level",="Certified",1.3
,="Cherry Brook Primary School",="Administrators  Coordinators and Department Chairs - School Level",="Certified",1.0
="Capitol Region Education Council",="Academy of Aerospace and Engineering",="Administrators  Coordinators and Department Chairs - School Level",="Certified",0.5
,="Farmington Valley Regional Diagnostic Center",="Administrators  Coordinators and Department Chairs - School Level",="Certified",1.0
,="Glastonbury/East Hartford Magnet School",="Administrators  Coordinators and Department Chairs - School Level",="Certified",1.6
,="Great Path Academy at MCC",="Administrators  Coordinators and Department Chairs - School Level",="Certified",2.0
,="Greater Hartford Academy of the Arts High School - Full Time",="Administrators  Coordinators and Department Chairs - School Level",="Certified",0.3
,="Integrated Program Models",="Administrators  Coordinators and Department Chairs - School Level",="Certified",1.5
,="International Magnet School for Global Citizenship",="Administrators  Coordinators and Department Chairs - School Level",="Certified",1.0
,="John J. Allison Polaris Center",="Administrators  Coordinators and Department Chairs - School Level",="Certified",2.0
,="Metropolitan Learning Center for Global and International Studies",="Administrators  Coordinators and Department Chairs - School Level",="Certified",4.0
,="Montessori Magnet School",="Administrators  Coordinators and Department Chairs - School Level",="Certified",2.0
,="Public Safety Academy",="Administrators  Coordinators and Department Chairs - School Level",="Certified",0.5
,="Reggio Magnet School of the Arts",="Administrators  Coordinators and Department Chairs - School Level",="Certified",1.0
,="River Street School",="Administrators  Coordinators and Department Chairs - School Level",="Certified",3.5
,="Soundbridge",="Administrators  Coordinators and Department Chairs - School Level",="Certified",1.0
,="Two Rivers Magnet Middle School",="Administrators  Coordinators and Department Chairs - School Level",="Certified",3.0
,="University of Hartford Magnet School",="Administrators  Coordinators and Department Chairs - School Level",="Certified",2.0
="Chaplin School District",="Chaplin Elementary School",="Administrators  Coordinators and Department Chairs - School Level",="Certified",1.0
="Charter School for Young Children on Asylum Hill District",="Charter School for Young Children on Asylum Hill Inc.",="Administrators  Coordinators and Department Chairs - School Level",="Certified",1.0
="Cheshire School District",="Chapman School",="Administrators  Coordinators and Department Chairs - School Level",="Certified",1.0
,="Cheshire High School",="Administrators  Coordinators and Department Chairs - School Level",="Certified",10.6
,="Darcey School",="Administrators  Coordinators and Department Chairs - School Level",="Certified",1.0
,="Dodd Middle School",="Administrators  Coordinators and Department Chairs - School Level",="Certified",2.4
,="Doolittle School",="Administrators  Coordinators and Department Chairs - School Level",="Certified",1.4
,="Highland School",="Administrators  Coordinators and Department Chairs - School Level",="Certified",2.0
,="Norton School",="Administrators  Coordinators and Department Chairs - School Level",="Certified",1.2
="Chester School District",="Chester Elementary School",="Administrators  Coordinators and Department Chairs - School Level",="Certified",1.0
="Clinton School District",="Abraham Pierson School",="Administrators  Coordinators and Department Chairs - School Level",="Certified",1.0
,="Jared Eliot School",="Administrators  Coordinators and Department Chairs - School Level",="Certified",2.0
,="Lewin G. Joel Jr. School",="Administrators  Coordinators and Department Chairs - School Level",="Certified",2.0
,="The Morgan School",="Administrators  Coordinators and Department Chairs - School Level",="Certified",2.4
="Colchester School District",="Bacon Academy",="Administrators  Coordinators and Department Chairs - School Level",="Certified",3.0
,="Colchester Elementary School",="Administrators  Coordinators and Department Chairs - School Level",="Certified",2.0
,="Jack Jackter Intermediate School",="Administrators  Coordinators and Department Chairs - School Level",="Certified",2.0
,="William J. Johnston Middle School",="Administrators  Coordinators and Department Chairs - School Level",="Certified",3.0
="Colebrook School District",="Colebrook Consolidated School",="Administrators  Coordinators and Department Chairs - School Level",="Certified",1.0
="Columbia School District",="Horace W. Porter School",="Administrators  Coordinators and Department Chairs - School Level",="Certified",3.0
="Common Ground High School District",="Common Ground High School",="Administrators  Coordinators and Department Chairs - School Level",="Certified",2.0
="Connecticut Technical High School System",="A. I. Prince Technical High School",="Administrators  Coordinators and Department Chairs - School Level",="Certified",7.6
,="Bristol Technical Education Center",="Administrators  Coordinators and Department Chairs - School Level",="Certified",2.0
,="Bullard-Havens Technical High School",="Administrators  Coordinators and Department Chairs - School Level",="Certified",4.6
,="E. C. Goodwin Technical High School",="Administrators  Coordinators and Department Chairs - School Level",="Certified",5.0
,="Eli Whitney Technical High School",="Administrators  Coordinators and Department Chairs - School Level",="Certified",4.9
,="Ella T. Grasso Southeastern Technical High School",="Administrators  Coordinators and Department Chairs - School Level",="Certified",4.3
,="Emmett O'Brien Technical High School",="Administrators  Coordinators and Department Chairs - School Level",="Certified",4.6
,="H. C. Wilcox Technical High School",="Administrators  Coordinators and Department Chairs - School Level",="Certified",5.3
,="H. H. Ellis Technical High School",="Administrators  Coordinators and Department Chairs - School Level",="Certified",5.9
,="Henry Abbott Technical High School",="Administrators  Coordinators and Department Chairs - School Level",="Certified",6.9
,="Howell Cheney Technical High School",="Administrators  Coordinators and Department Chairs - School Level",="Certified",4.3
,="J. M. Wright Technical High School",="Administrators  Coordinators and Department Chairs - School Level",="Certified",4.6
,="Norwich Technical High School",="Administrators  Coordinators and Department Chairs - School Level",="Certified",4.9
,="Oliver Wolcott Technical High School",="Administrators  Coordinators and Department Chairs - School Level",="Certified",4.6
,="Platt Technical High School",="Administrators  Coordinators and Department Chairs - School Level",="Certified",5.6
,="Vinal Technical High School",="Administrators  Coordinators and Department Chairs - School Level",="Certified",4.6
,="W. F. Kaynor Technical High School",="Administrators  Coordinators and Department Chairs - School Level",="Certified",6.1
,="Windham Technical High School",="Administrators  Coordinators and Department Chairs - School Level",="Certified",4.9
="Cooperative Educational Services",="Academy of the Performing Arts - Part Time",="Administrators  Coordinators and Department Chairs - School Level",="Certified",0.5
,="C. E. S. Special Education",="Administrators  Coordinators and Department Chairs - School Level",="Certified",8.0
,="Regional Center for the Arts - Part Time",="Administrators  Coordinators and Department Chairs - School Level",="Certified",0.5
,="Six-Six Magnet School",="Administrators  Coordinators and Department Chairs - School Level",="Certified",3.0
="Cornwall School District",="Cornwall Consolidated School",="Administrators  Coordinators and Department Chairs - School Level",="Certified",1.0
="Coventry School District",="Capt. Nathan Hale School",="Administrators  Coordinators and Department Chairs - School Level",="Certified",2.0
,="Coventry Grammar School",="Administrators  Coordinators and Department Chairs - School Level",="Certified",1.0
,="Coventry High School",="Administrators  Coordinators and Department Chairs - School Level",="Certified",2.2
,="George Hersey Robertson School",="Administrators  Coordinators and Department Chairs - School Level",="Certified",1.0
="Cromwell School District",="Cromwell High School",="Administrators  Coordinators and Department Chairs - School Level",="Certified",2.4
,="Cromwell Middle School",="Administrators  Coordinators and Department Chairs - School Level",="Certified",2.0
,="Edna C. Stevens School",="Administrators  Coordinators and Department Chairs - School Level",="Certified",2.0
,="Woodside Intermediate School",="Administrators  Coordinators and Department Chairs - School Level",="Certified",2.0
="Danbury School District",="Alternative Center For Excellence",="Administrators  Coordinators and Department Chairs - School Level",="Certified",1.0
,="Broadview Middle School",="Administrators  Coordinators and Department Chairs - School Level",="Certified",4.0
,="Danbury High School",="Administrators  Coordinators and Department Chairs - School Level",="Certified",7.0
,="Ellsworth Avenue School",="Administrators  Coordinators and Department Chairs - School Level",="Certified",1.0
,="Great Plain School",="Administrators  Coordinators and Department Chairs - School Level",="Certified",1.0
,="Hayestown Avenue School",="Administrators  Coordinators and Department Chairs - School Level",="Certified",1.0
,="King Street Intermediate School",="Administrators  Coordinators and Department Chairs - School Level",="Certified",1.0
,="King Street Primary School",="Administrators  Coordinators and Department Chairs - School Level",="Certified",1.0
,="Mill Ridge Educational Center",="Administrators  Coordinators and Department Chairs - School Level",="Certified",1.0
,="Mill Ridge Primary School",="Administrators  Coordinators and Department Chairs - School Level",="Certified",1.0
,="Morris Street School",="Administrators  Coordinators and Department Chairs - School Level",="Certified",1.0
,="Park Avenue School",="Administrators  Coordinators and Department Chairs - School Level",="Certified",1.0
,="Pembroke School",="Administrators  Coordinators and Department Chairs - School Level",="Certified",1.0
,="Rogers Park Middle School",="Administrators  Coordinators and Department Chairs - School Level",="Certified",3.0
,="Shelter Rock School",="Administrators  Coordinators and Department Chairs - School Level",="Certified",1.0
,="South Street School",="Administrators  Coordinators and Department Chairs - School Level",="Certified",1.0
,="Stadley Rough School",="Administrators  Coordinators and Department Chairs - School Level",="Certified",1.0
,="Western CT Academy of International Studies Elementary Magnet School",="Administrators  Coordinators and Department Chairs - School Level",="Certified",1.0
="Darien School District",="Darien High School",="Administrators  Coordinators and Department Chairs - School Level",="Certified",6.8
,="Hindley Elementary School",="Administrators  Coordinators and Department Chairs - School Level",="Certified",2.5
,="Holmes Elementary School",="Administrators  Coordinators and Department Chairs - School Level",="Certified",2.0
,="Middlesex Middle School",="Administrators  Coordinators and Department Chairs - School Level",="Certified",3.5
,="Ox Ridge Elementary School",="Administrators  Coordinators and Department Chairs - School Level",="Certified",2.0
,="Royle Elementary School",="Administrators  Coordinators and Department Chairs - School Level",="Certified",2.0
,="Tokeneke Elementary School",="Administrators  Coordinators and Department Chairs - School Level",="Certified",2.5
="Deep River School District",="Deep River Elementary School",="Administrators  Coordinators and Department Chairs - School Level",="Certified",1.0
="Derby School District",="Bradley School",="Administrators  Coordinators and Department Chairs - School Level",="Certified",1.0
,="Derby High School",="Administrators  Coordinators and Department Chairs - School Level",="Certified",2.2
,="Irving School",="Administrators  Coordinators and Department Chairs - School Level",="Certified",1.0
="East Granby School District",="Allgrove School",="Administrators  Coordinators and Department Chairs - School Level",="Certified",1.0
,="East Granby High School",="Administrators  Coordinators and Department Chairs - School Level",="Certified",2.0
,="East Granby Middle School",="Administrators  Coordinators and Department Chairs - School Level",="Certified",0.7
,="R. Dudley Seymour School",="Administrators  Coordinators and Department Chairs - School Level",="Certified",1.0
="East Haddam School District",="East Haddam Elementary School",="Administrators  Coordinators and Department Chairs - School Level",="Certified",2.0
,="Nathan Hale-Ray High School",="Administrators  Coordinators and Department Chairs - School Level",="Certified",2.0
,="Nathan Hale-Ray Middle School",="Administrators  Coordinators and Department Chairs - School Level",="Certified",1.0
="East Hampton School District",="Center School",="Administrators  Coordinators and Department Chairs - School Level",="Certified",1.0
,="East Hampton High School",="Administrators  Coordinators and Department Chairs - School Level",="Certified",2.2
,="East Hampton Middle School",="Administrators  Coordinators and Department Chairs - School Level",="Certified",2.0
,="Memorial School",="Administrators  Coordinators and Department Chairs - School Level",="Certified",2.0
="East Hartford School District",="Anna E. Norris School",="Administrators  Coordinators and Department Chairs - School Level",="Certified",1.0
,="Connecticut IB Academy",="Administrators  Coordinators and Department Chairs - School Level",="Certified",1.0
,="Dr. Franklin H. Mayberry School",="Administrators  Coordinators and Department Chairs - School Level",="Certified",1.0
,="Dr. John A. Langford School",="Administrators  Coordinators and Department Chairs - School Level",="Certified",1.0
,="Dr. Thomas S. O'Connell School",="Administrators  Coordinators and Department Chairs - School Level",="Certified",1.0
,="East Hartford High School",="Administrators  Coordinators and Department Chairs - School Level",="Certified",12.0
,="East Hartford Middle School",="Administrators  Coordinators and Department Chairs - School Level",="Certified",4.0
,="Governor William Pitkin School",="Administrators  Coordinators and Department Chairs - School Level",="Certified",1.0
,="Hockanum School",="Administrators  Coordinators and Department Chairs - School Level",="Certified",1.0
,="Joseph O. Goodwin School",="Administrators  Coordinators and Department Chairs - School Level",="Certified",1.0
,="Robert J. O'Brien School",="Administrators  Coordinators and Department Chairs - School Level",="Certified",1.0
,="Silver Lane School",="Administrators  Coordinators and Department Chairs - School Level",="Certified",1.0
,="Stevens Alternate High School",="Administrators  Coordinators and Department Chairs - School Level",="Certified",1.0
,="Sunset Ridge School Elementary Academy for Arts and World Languages",="Administrators  Coordinators and Department Chairs - School Level",="Certified",2.0
,="Woodland School",="Administrators  Coordinators and Department Chairs - School Level",="Certified",1.0
="East Haven School District",="Carbone School/East Haven Academy",="Administrators  Coordinators and Department Chairs - School Level",="Certified",1.0
,="D. C. Moore School",="Administrators  Coordinators and Department Chairs - School Level",="Certified",1.0
,="Deer Run School",="Administrators  Coordinators and Department Chairs - School Level",="Certified",1.0
,="Dominick H. Ferrara School",="Administrators  Coordinators and Department Chairs - School Level",="Certified",1.0
,="East Haven High School",="Administrators  Coordinators and Department Chairs - School Level",="Certified",7.2
,="Grove J. Tuttle School",="Administrators  Coordinators and Department Chairs - School Level",="Certified",1.0
,="Hays School",="Administrators  Coordinators and Department Chairs - School Level",="Certified",0.5
,="Joseph Melillo Middle School",="Administrators  Coordinators and Department Chairs - School Level",="Certified",2.0
,="Momauguin School",="Administrators  Coordinators and Department Chairs - School Level",="Certified",1.0
,="Overbrook Elementary School",="Administrators  Coordinators and Department Chairs - School Level",="Certified",0.5
,="Robert W. Carbone School",="Administrators  Coordinators and Department Chairs - School Level",="Certified",1.0
="East Lyme School District",="East Lyme High School",="Administrators  Coordinators and Department Chairs - School Level",="Certified",2.7
,="East Lyme Middle School",="Administrators  Coordinators and Department Chairs - School Level",="Certified",3.0
,="Flanders School",="Administrators  Coordinators and Department Chairs - School Level",="Certified",1.0
,="Lillie B. Haynes School",="Administrators  Coordinators and Department Chairs - School Level",="Certified",1.0
,="Niantic Center School",="Administrators  Coordinators and Department Chairs - School Level",="Certified",1.0
="East Windsor School District",="Broad Brook Elementary School",="Administrators  Coordinators and Department Chairs - School Level",="Certified",2.0
,="East Windsor High School",="Administrators  Coordinators and Department Chairs - School Level",="Certified",2.3
,="East Windsor Middle School",="Administrators  Coordinators and Department Chairs - School Level",="Certified",2.0
="Eastern Connecticut Regional Educational Service Center (EASTCONN)",="Arts at the Capitol Theater",="Administrators  Coordinators and Department Chairs - School Level",="Certified",1.0
,="Arts at the Capitol Theater Magnet School (ACT)",="Administrators  Coordinators and Department Chairs - School Level",="Certified",1.0
,="EastConn Special Education",="Administrators  Coordinators and Department Chairs - School Level",="Certified",6.2
,="Quinebaug Middle College",="Administrators  Coordinators and Department Chairs - School Level",="Certified",1.0
="Eastford School District",="Eastford Elementary School",="Administrators  Coordinators and Department Chairs - School Level",="Certified",1.0
="Easton School District",="Helen Keller Middle School",="Administrators  Coordinators and Department Chairs - School Level",="Certified",2.5
,="Samuel Staples Elementary School",="Administrators  Coordinators and Department Chairs - School Level",="Certified",3.5
="Ellington School District",="Center School",="Administrators  Coordinators and Department Chairs - School Level",="Certified",1.2
,="Crystal Lake School",="Administrators  Coordinators and Department Chairs - School Level",="Certified",1.2
,="Ellington High School",="Administrators  Coordinators and Department Chairs - School Level",="Certified",2.4
,="Ellington Middle School",="Administrators  Coordinators and Department Chairs - School Level",="Certified",1.2
,="Windermere Intermediate School",="Administrators  Coordinators and Department Chairs - School Level",="Certified",0.7
,="Windermere School",="Administrators  Coordinators and Department Chairs - School Level",="Certified",1.3
="Elm City College Preparatory School",="Elm City College Preparatory School",="Administrators  Coordinators and Department Chairs - School Level",="Certified",6.0
="Enfield School District",="Edgar H. Parkman School",="Administrators  Coordinators and Department Chairs - School Level",="Certified",1.0
,="Eli Whitney School",="Administrators  Coordinators and Department Chairs - School Level",="Certified",1.4
,="Enfield High School",="Administrators  Coordinators and Department Chairs - School Level",="Certified",5.8
,="Enfield Street School",="Administrators  Coordinators and Department Chairs - School Level",="Certified",1.0
,="Enrico Fermi High School",="Administrators  Coordinators and Department Chairs - School Level",="Certified",6.4
,="Harriet Beecher Stowe School",="Administrators  Coordinators and Department Chairs - School Level",="Certified",1.0
,="Hazardville Memorial School",="Administrators  Coordinators and Department Chairs - School Level",="Certified",1.0
,="Henry Barnard School",="Administrators  Coordinators and Department Chairs - School Level",="Certified",1.0
,="John F. Kennedy Middle School",="Administrators  Coordinators and Department Chairs - School Level",="Certified",6.8
,="Nathan Hale School",="Administrators  Coordinators and Department Chairs - School Level",="Certified",1.0
,="Prudence Crandall School",="Administrators  Coordinators and Department Chairs - School Level",="Certified",1.0
,="Thomas G. Alcorn School",="Administrators  Coordinators and Department Chairs - School Level",="Certified",1.0
="Essex School District",="Essex Elementary School",="Administrators  Coordinators and Department Chairs - School Level",="Certified",2.0
="Explorations District",="Explorations",="Administrators  Coordinators and Department Chairs - School Level",="Certified",1.0
="Fairfield School District",="Burr Elementary School",="Administrators  Coordinators and Department Chairs - School Level",="Certified",1.0
,="Dwight Elementary School",="Administrators  Coordinators and Department Chairs - School Level",="Certified",1.0
,="Early Childhood Center",="Administrators  Coordinators and Department Chairs - School Level",="Certified",1.0
,="Fairfield Ludlowe High School",="Administrators  Coordinators and Department Chairs - School Level",="Certified",9.0
,="Fairfield Warde High School",="Administrators  Coordinators and Department Chairs - School Level",="Certified",8.0
,="Fairfield Woods Middle School",="Administrators  Coordinators and Department Chairs - School Level",="Certified",3.0
,="Holland Hill School",="Administrators  Coordinators and Department Chairs - School Level",="Certified",1.0
,="Jennings School",="Administrators  Coordinators and Department Chairs - School Level",="Certified",1.0
,="McKinley School",="Administrators  Coordinators and Department Chairs - School Level",="Certified",1.0
,="Mill Hill School",="Administrators  Coordinators and Department Chairs - School Level",="Certified",1.0
,="North Stratfield School",="Administrators  Coordinators and Department Chairs - School Level",="Certified",1.0
,="Osborn Hill School",="Administrators  Coordinators and Department Chairs - School Level",="Certified",1.0
,="Riverfield School",="Administrators  Coordinators and Department Chairs - School Level",="Certified",1.0
,="Roger Ludlowe Middle School",="Administrators  Coordinators and Department Chairs - School Level",="Certified",4.4
,="Sherman School",="Administrators  Coordinators and Department Chairs - School Level",="Certified",1.0
,="Stratfield School",="Administrators  Coordinators and Department Chairs - School Level",="Certified",1.0
,="Tomlinson Middle School",="Administrators  Coordinators and Department Chairs - School Level",="Certified",3.0
="Farmington School District",="East Farms School",="Administrators  Coordinators and Department Chairs - School Level",="Certified",1.0
,="Farmington High School",="Administrators  Coordinators and Department Chairs - School Level",="Certified",8.4
,="Irving A. Robbins Middle School",="Administrators  Coordinators and Department Chairs - School Level",="Certified",2.0
,="Noah Wallace School",="Administrators  Coordinators and Department Chairs - School Level",="Certified",1.0
,="Union School",="Administrators  Coordinators and Department Chairs - School Level",="Certified",1.0
,="West District School",="Administrators  Coordinators and Department Chairs - School Level",="Certified",1.0
,="West Woods Upper Elementary School",="Administrators  Coordinators and Department Chairs - School Level",="Certified",1.0
="Franklin School District",="Franklin Elementary School",="Administrators  Coordinators and Department Chairs - School Level",="Certified",2.0
="Glastonbury School District",="Buttonball Lane School",="Administrators  Coordinators and Department Chairs - School Level",="Certified",2.0
,="Eastbury School",="Administrators  Coordinators and Department Chairs - School Level",="Certified",1.0
,="Gideon Welles School",="Administrators  Coordinators and Department Chairs - School Level",="Certified",5.1
,="Glastonbury High School",="Administrators  Coordinators and Department Chairs - School Level",="Certified",9.4
,="Hebron Avenue School",="Administrators  Coordinators and Department Chairs - School Level",="Certified",1.6
,="Hopewell School",="Administrators  Coordinators and Department Chairs - School Level",="Certified",1.9
,="Naubuc School",="Administrators  Coordinators and Department Chairs - School Level",="Certified",2.0
,="Nayaug Elementary School",="Administrators  Coordinators and Department Chairs - School Level",="Certified",2.0
,="Smith Middle School",="Administrators  Coordinators and Department Chairs - School Level",="Certified",3.5
="Granby School District",="Frank M. Kearns Primary School",="Administrators  Coordinators and Department Chairs - School Level",="Certified",1.0
,="Granby Memorial High School",="Administrators  Coordinators and Department Chairs - School Level",="Certified",3.0
,="Granby Memorial Middle School",="Administrators  Coordinators and Department Chairs - School Level",="Certified",1.5
,="Kelly Lane Primary School",="Administrators  Coordinators and Department Chairs - School Level",="Certified",1.0
,="Wells Road Intermediate School",="Administrators  Coordinators and Department Chairs - School Level",="Certified",1.0
="Greenwich School District",="Central Middle School",="Administrators  Coordinators and Department Chairs - School Level",="Certified",2.6
,="Cos Cob School",="Administrators  Coordinators and Department Chairs - School Level",="Certified",2.0
,="Eastern Middle School",="Administrators  Coordinators and Department Chairs - School Level",="Certified",2.6
,="Glenville School",="Administrators  Coordinators and Department Chairs - School Level",="Certified",2.0
,="Greenwich High School",="Administrators  Coordinators and Department Chairs - School Level",="Certified",11.5
,="Hamilton Avenue School",="Administrators  Coordinators and Department Chairs - School Level",="Certified",2.0
,="International School At Dundee",="Administrators  Coordinators and Department Chairs - School Level",="Certified",2.0
,="Julian Curtiss School",="Administrators  Coordinators and Department Chairs - School Level",="Certified",2.0
,="New Lebanon School",="Administrators  Coordinators and Department Chairs - School Level",="Certified",2.0
,="North Mianus School",="Administrators  Coordinators and Department Chairs - School Level",="Certified",2.0
,="North Street School",="Administrators  Coordinators and Department Chairs - School Level",="Certified",2.0
,="Old Greenwich School",="Administrators  Coordinators and Department Chairs - School Level",="Certified",2.0
,="Parkway School",="Administrators  Coordinators and Department Chairs - School Level",="Certified",2.0
,="Riverside School",="Administrators  Coordinators and Department Chairs - School Level",="Certified",2.0
,="Western Middle School",="Administrators  Coordinators and Department Chairs - School Level",="Certified",3.0
="Griswold School District",="Griswold Elementary School",="Administrators  Coordinators and Department Chairs - School Level",="Certified",2.0
,="Griswold High School",="Administrators  Coordinators and Department Chairs - School Level",="Certified",2.8
,="Griswold Middle School",="Administrators  Coordinators and Department Chairs - School Level",="Certified",1.6
="Groton School District",="Carl C. Cutler Middle School",="Administrators  Coordinators and Department Chairs - School Level",="Certified",2.0
,="Catherine Kolnaski Magnet School",="Administrators  Coordinators and Department Chairs - School Level",="Certified",2.0
,="Charles Barnum School",="Administrators  Coordinators and Department Chairs - School Level",="Certified",2.0
,="Claude Chester School",="Administrators  Coordinators and Department Chairs - School Level",="Certified",2.0
,="Fitch Middle School",="Administrators  Coordinators and Department Chairs - School Level",="Certified",2.0
,="Mary Morrisson School",="Administrators  Coordinators and Department Chairs - School Level",="Certified",1.5
,="Northeast Academy Elementary School",="Administrators  Coordinators and Department Chairs - School Level",="Certified",2.0
,="Pleasant Valley School",="Administrators  Coordinators and Department Chairs - School Level",="Certified",1.5
,="Robert E. Fitch High School",="Administrators  Coordinators and Department Chairs - School Level",="Certified",5.8
,="S. B. Butler School",="Administrators  Coordinators and Department Chairs - School Level",="Certified",2.0
,="West Side Middle School",="Administrators  Coordinators and Department Chairs - School Level",="Certified",2.0
="Guilford School District",="A. Baldwin Middle School",="Administrators  Coordinators and Department Chairs - School Level",="Certified",2.5
,="A. W. Cox School",="Administrators  Coordinators and Department Chairs - School Level",="Certified",1.3
,="Calvin Leete School",="Administrators  Coordinators and Department Chairs - School Level",="Certified",1.3
,="E. C. Adams Middle School",="Administrators  Coordinators and Department Chairs - School Level",="Certified",2.5
,="Guilford High School",="Administrators  Coordinators and Department Chairs - School Level",="Certified",7.6
,="Guilford Lakes School",="Administrators  Coordinators and Department Chairs - School Level",="Certified",1.3
,="Melissa Jones School",="Administrators  Coordinators and Department Chairs - School Level",="Certified",1.3
="Hamden School District",="Alice Peck Learning Center",="Administrators  Coordinators and Department Chairs - School Level",="Certified",1.0
,="Bear Path School",="Administrators  Coordinators and Department Chairs - School Level",="Certified",1.0
,="Church Street School",="Administrators  Coordinators and Department Chairs - School Level",="Certified",1.0
,="Dunbar Hill School",="Administrators  Coordinators and Department Chairs - School Level",="Certified",1.0
,="Hamden High School",="Administrators  Coordinators and Department Chairs - School Level",="Certified",7.2
,="Hamden Middle School",="Administrators  Coordinators and Department Chairs - School Level",="Certified",3.0
,="Helen Street School",="Administrators  Coordinators and Department Chairs - School Level",="Certified",1.0
,="Ridge Hill School",="Administrators  Coordinators and Department Chairs - School Level",="Certified",1.0
,="Shepherd Glen School",="Administrators  Coordinators and Department Chairs - School Level",="Certified",1.0
,="Spring Glen School",="Administrators  Coordinators and Department Chairs - School Level",="Certified",1.0
,="West Woods School",="Administrators  Coordinators and Department Chairs - School Level",="Certified",1.0
="Hampton School District",="Hampton Elementary School",="Administrators  Coordinators and Department Chairs - School Level",="Certified",0.8
="Hartford School District",="Asian Studies Academy",="Administrators  Coordinators and Department Chairs - School Level",="Certified",2.0
,="Batchelder School",="Administrators  Coordinators and Department Chairs - School Level",="Certified",3.0
,="Breakthrough II Elementary School",="Administrators  Coordinators and Department Chairs - School Level",="Certified",1.0
,="Breakthrough Magnet School",="Administrators  Coordinators and Department Chairs - School Level",="Certified",1.0
,="Bulkeley High School Lower School",="Administrators  Coordinators and Department Chairs - School Level",="Certified",8.0
,="Burns Latino Studies Academy",="Administrators  Coordinators and Department Chairs - School Level",="Certified",2.0
,="Burr School",="Administrators  Coordinators and Department Chairs - School Level",="Certified",2.0
,="Capital Preparatory Magnet School",="Administrators  Coordinators and Department Chairs - School Level",="Certified",2.0
,="Clark School",="Administrators  Coordinators and Department Chairs - School Level",="Certified",3.0
,="Classical Magnet School",="Administrators  Coordinators and Department Chairs - School Level",="Certified",3.0
,="Culinary Arts Academy at Weaver High School",="Administrators  Coordinators and Department Chairs - School Level",="Certified",2.0
,="Dr. Joseph Bellizzi Middle School",="Administrators  Coordinators and Department Chairs - School Level",="Certified",2.0
,="Dr. Ramon E. Betances Early Reading Lab",="Administrators  Coordinators and Department Chairs - School Level",="Certified",2.0
,="Environmental Sciences Magnet at Hooker School",="Administrators  Coordinators and Department Chairs - School Level",="Certified",2.0
,="Expeditionary Learning Academy at Moylan School",="Administrators  Coordinators and Department Chairs - School Level",="Certified",3.0
,="Fox Middle School",="Administrators  Coordinators and Department Chairs - School Level",="Certified",1.0
,="Global Communications Academy",="Administrators  Coordinators and Department Chairs - School Level",="Certified",1.0
,="Hartford Magnet Trinity College Academy",="Administrators  Coordinators and Department Chairs - School Level",="Certified",3.0
,="Hartford Public High School",="Administrators  Coordinators and Department Chairs - School Level",="Certified",10.0
,="Hartford Transitional Learning Academy (Elementary)",="Administrators  Coordinators and Department Chairs - School Level",="Certified",0.5
,="Hartford Transitional Learning Academy (Secondary)",="Administrators  Coordinators and Department Chairs - School Level",="Certified",2.5
,="Kennelly School",="Administrators  Coordinators and Department Chairs - School Level",="Certified",3.0
,="M. D. Fox School",="Administrators  Coordinators and Department Chairs - School Level",="Certified",3.0
,="M. L. King, Jr. School",="Administrators  Coordinators and Department Chairs - School Level",="Certified",2.0
,="McDonough Middle School",="Administrators  Coordinators and Department Chairs - School Level",="Certified",2.0
,="Milner School",="Administrators  Coordinators and Department Chairs - School Level",="Certified",2.0
,="Montessori Magnet School at Annie Fisher",="Administrators  Coordinators and Department Chairs - School Level",="Certified",1.0
,="Naylor/CCSU Leadership Academy",="Administrators  Coordinators and Department Chairs - School Level",="Certified",2.0
,="Parkville Community School",="Administrators  Coordinators and Department Chairs - School Level",="Certified",2.0
,="Pathways Academy of Technology and Design",="Administrators  Coordinators and Department Chairs - School Level",="Certified",2.0
,="Quirk Middle School",="Administrators  Coordinators and Department Chairs - School Level",="Certified",3.0
,="R.J. Kinsella Magnet School of Performing Arts",="Administrators  Coordinators and Department Chairs - School Level",="Certified",3.0
,="Rawson School",="Administrators  Coordinators and Department Chairs - School Level",="Certified",2.0
,="SAND School",="Administrators  Coordinators and Department Chairs - School Level",="Certified",2.0
,="STEM Magnet at Fisher School",="Administrators  Coordinators and Department Chairs - School Level",="Certified",2.0
,="Sanchez School",="Administrators  Coordinators and Department Chairs - School Level",="Certified",2.0
,="Simpson-Waverly School",="Administrators  Coordinators and Department Chairs - School Level",="Certified",2.0
,="Sports and Medical Sciences Academy",="Administrators  Coordinators and Department Chairs - School Level",="Certified",2.0
,="University High of Science and Engineering",="Administrators  Coordinators and Department Chairs - School Level",="Certified",2.0
,="Weaver High School",="Administrators  Coordinators and Department Chairs - School Level",="Certified",6.0
,="Webster Micro Society Magnet School",="Administrators  Coordinators and Department Chairs - School Level",="Certified",3.0
,="West Middle School",="Administrators  Coordinators and Department Chairs - School Level",="Certified",2.0
,="Wish Museum School",="Administrators  Coordinators and Department Chairs - School Level",="Certified",2.0
="Hartland School District",="Hartland School",="Administrators  Coordinators and Department Chairs - School Level",="Certified",1.0
="Hebron School District",="Gilead Hill School",="Administrators  Coordinators and Department Chairs - School Level",="Certified",1.0
,="Hebron Elementary School",="Administrators  Coordinators and Department Chairs - School Level",="Certified",2.0
="Highville Charter School District",="Highville Charter School",="Administrators  Coordinators and Department Chairs - School Level",="Certified",2.0
="Integrated Day Charter School District",="Integrated Day Charter School",="Administrators  Coordinators and Department Chairs - School Level",="Certified",2.0
="Interdistrict School for Arts and Comm District",="Interdistrict School For Arts And Communication",="Administrators  Coordinators and Department Chairs - School Level",="Certified",2.0
="Jumoke Academy District",="Jumoke Academy",="Administrators  Coordinators and Department Chairs - School Level",="Certified",2.0
="Kent School District",="Kent Center School",="Administrators  Coordinators and Department Chairs - School Level",="Certified",1.0
="Killingly School District",="Goodyear Early Childhood Center",="Administrators  Coordinators and Department Chairs - School Level",="Certified",1.0
,="Killingly Central School",="Administrators  Coordinators and Department Chairs - School Level",="Certified",1.0
,="Killingly High School",="Administrators  Coordinators and Department Chairs - School Level",="Certified",5.4
,="Killingly Intermediate School",="Administrators  Coordinators and Department Chairs - School Level",="Certified",3.0
,="Killingly Memorial School",="Administrators  Coordinators and Department Chairs - School Level",="Certified",2.0
="Learn",="Learn Special Education",="Administrators  Coordinators and Department Chairs - School Level",="Certified",3.0
,="Regional Multicultural Magnet School",="Administrators  Coordinators and Department Chairs - School Level",="Certified",2.0
,="The Friendship School",="Administrators  Coordinators and Department Chairs - School Level",="Certified",2.0
="Lebanon School District",="Lebanon Elementary School",="Administrators  Coordinators and Department Chairs - School Level",="Certified",1.4
,="Lebanon Middle School",="Administrators  Coordinators and Department Chairs - School Level",="Certified",1.6
,="Lyman Memorial High School",="Administrators  Coordinators and Department Chairs - School Level",="Certified",2.5
="Ledyard School District",="Gales Ferry School",="Administrators  Coordinators and Department Chairs - School Level",="Certified",1.0
,="Gallup Hill School",="Administrators  Coordinators and Department Chairs - School Level",="Certified",1.5
,="Juliet W. Long School",="Administrators  Coordinators and Department Chairs - School Level",="Certified",1.0
,="Ledyard Center School",="Administrators  Coordinators and Department Chairs - School Level",="Certified",1.5
,="Ledyard High School",="Administrators  Coordinators and Department Chairs - School Level",="Certified",6.0
,="Ledyard Middle School",="Administrators  Coordinators and Department Chairs - School Level",="Certified",2.0
="Lisbon School District",="Community Connection - The Big Picture High School",="Administrators  Coordinators and Department Chairs - School Level",="Certified",0.5
,="Lisbon Central School",="Administrators  Coordinators and Department Chairs - School Level",="Certified",0.5
="Litchfield School District",="Center School",="Administrators  Coordinators and Department Chairs - School Level",="Certified",1.0
,="Litchfield High School",="Administrators  Coordinators and Department Chairs - School Level",="Certified",2.2
,="Litchfield Intermediate School",="Administrators  Coordinators and Department Chairs - School Level",="Certified",1.0
="Madison School District",="Daniel Hand High School",="Administrators  Coordinators and Department Chairs - School Level",="Certified",9.0
,="Dr. Robert H. Brown Middle School",="Administrators  Coordinators and Department Chairs - School Level",="Certified",3.0
,="Island Avenue Elementary School",="Administrators  Coordinators and Department Chairs - School Level",="Certified",1.0
,="J. Milton Jeffrey Elementary School",="Administrators  Coordinators and Department Chairs - School Level",="Certified",2.0
,="Kathleen H. Ryerson Elementary School",="Administrators  Coordinators and Department Chairs - School Level",="Certified",1.0
,="Walter C. Polson Upper Middle School",="Administrators  Coordinators and Department Chairs - School Level",="Certified",3.0
="Manchester School District",="Nathan Hale School",="Administrators  Coordinators and Department Chairs - School Level",="Certified",1.0
,="Bowers School",="Administrators  Coordinators and Department Chairs - School Level",="Certified",1.1
,="Buckley School",="Administrators  Coordinators and Department Chairs - School Level",="Certified",2.0
,="Elisabeth M. Bennet Academy",="Administrators  Coordinators and Department Chairs - School Level",="Certified",2.0
,="Highland Park School",="Administrators  Coordinators and Department Chairs - School Level",="Certified",2.0
,="Illing Middle School",="Administrators  Coordinators and Department Chairs - School Level",="Certified",4.5
,="Keeney School",="Administrators  Coordinators and Department Chairs - School Level",="Certified",1.0
,="Manchester High School",="Administrators  Coordinators and Department Chairs - School Level",="Certified",8.3
,="Manchester Regional Academy",="Administrators  Coordinators and Department Chairs - School Level",="Certified",1.0
,="Martin School",="Administrators  Coordinators and Department Chairs - School Level",="Certified",1.0
,="Robertson School",="Administrators  Coordinators and Department Chairs - School Level",="Certified",1.0
,="Verplanck School",="Administrators  Coordinators and Department Chairs - School Level",="Certified",1.0
,="Waddell School",="Administrators  Coordinators and Department Chairs - School Level",="Certified",1.0
,="Washington School",="Administrators  Coordinators and Department Chairs - School Level",="Certified",1.0
="Mansfield School District",="Annie E. Vinton School",="Administrators  Coordinators and Department Chairs - School Level",="Certified",1.0
,="Dorothy C. Goodwin School",="Administrators  Coordinators and Department Chairs - School Level",="Certified",1.0
,="Mansfield Middle School School",="Administrators  Coordinators and Department Chairs - School Level",="Certified",2.0
,="Southeast Elementary School",="Administrators  Coordinators and Department Chairs - School Level",="Certified",1.0
="Marlborough School District",="Elmer Thienes-Mary Hall Elementary School",="Administrators  Coordinators and Department Chairs - School Level",="Certified",2.0
="Meriden School District",="Nathan Hale School",="Administrators  Coordinators and Department Chairs - School Level",="Certified",1.0
,="Benjamin Franklin School",="Administrators  Coordinators and Department Chairs - School Level",="Certified",1.0
,="Casimir Pulaski School",="Administrators  Coordinators and Department Chairs - School Level",="Certified",1.0
,="Francis T. Maloney High School",="Administrators  Coordinators and Department Chairs - School Level",="Certified",6.0
,="Hanover School",="Administrators  Coordinators and Department Chairs - School Level",="Certified",1.0
,="Israel Putnam School",="Administrators  Coordinators and Department Chairs - School Level",="Certified",1.0
,="John Barry School",="Administrators  Coordinators and Department Chairs - School Level",="Certified",1.0
,="Lincoln Middle School",="Administrators  Coordinators and Department Chairs - School Level",="Certified",3.0
,="Orville H. Platt High School",="Administrators  Coordinators and Department Chairs - School Level",="Certified",4.8
,="Roger Sherman School",="Administrators  Coordinators and Department Chairs - School Level",="Certified",1.0
,="Thomas Hooker School",="Administrators  Coordinators and Department Chairs - School Level",="Certified",1.0
,="Washington Middle School",="Administrators  Coordinators and Department Chairs - School Level",="Certified",3.0
="Middletown School District",="Bielefield School",="Administrators  Coordinators and Department Chairs - School Level",="Certified",1.0
,="Farm Hill School",="Administrators  Coordinators and Department Chairs - School Level",="Certified",1.0
,="Keigwin Middle School",="Administrators  Coordinators and Department Chairs - School Level",="Certified",2.2
,="Lawrence School",="Administrators  Coordinators and Department Chairs - School Level",="Certified",1.0
,="MacDonough School",="Administrators  Coordinators and Department Chairs - School Level",="Certified",1.0
,="Middletown High School",="Administrators  Coordinators and Department Chairs - School Level",="Certified",7.0
,="Moody School",="Administrators  Coordinators and Department Chairs - School Level",="Certified",1.0
,="Snow School",="Administrators  Coordinators and Department Chairs - School Level",="Certified",2.0
,="Spencer School",="Administrators  Coordinators and Department Chairs - School Level",="Certified",1.0
,="Wesley School",="Administrators  Coordinators and Department Chairs - School Level",="Certified",1.0
,="Woodrow Wilson Middle School",="Administrators  Coordinators and Department Chairs - School Level",="Certified",3.6
="Milford School District",="Calf Pen Meadow School",="Administrators  Coordinators and Department Chairs - School Level",="Certified",1.0
,="East Shore Middle School",="Administrators  Coordinators and Department Chairs - School Level",="Certified",1.0
,="Harborside Middle School",="Administrators  Coordinators and Department Chairs - School Level",="Certified",2.0
,="J. F. Kennedy School",="Administrators  Coordinators and Department Chairs - School Level",="Certified",1.0
,="Jonathan Law High School",="Administrators  Coordinators and Department Chairs - School Level",="Certified",3.6
,="Joseph A. Foran High School",="Administrators  Coordinators and Department Chairs - School Level",="Certified",3.6
,="Live Oaks School",="Administrators  Coordinators and Department Chairs - School Level",="Certified",1.0
,="Mathewson School",="Administrators  Coordinators and Department Chairs - School Level",="Certified",1.0
,="Meadowside School",="Administrators  Coordinators and Department Chairs - School Level",="Certified",1.0
,="Orange Avenue School",="Administrators  Coordinators and Department Chairs - School Level",="Certified",1.0
,="Orchard Hills School",="Administrators  Coordinators and Department Chairs - School Level",="Certified",1.0
,="Pumpkin Delight School",="Administrators  Coordinators and Department Chairs - School Level",="Certified",1.0
,="Simon Lake School",="Administrators  Coordinators and Department Chairs - School Level",="Certified",1.0
,="The Academy",="Administrators  Coordinators and Department Chairs - School Level",="Certified",0.5
,="West Shore Middle School",="Administrators  Coordinators and Department Chairs - School Level",="Certified",2.0
="Monroe School District",="Chalk Hill School",="Administrators  Coordinators and Department Chairs - School Level",="Certified",2.0
,="Fawn Hollow Elementary School",="Administrators  Coordinators and Department Chairs - School Level",="Certified",1.0
,="Jockey Hollow School",="Administrators  Coordinators and Department Chairs - School Level",="Certified",2.0
,="Masuk High School",="Administrators  Coordinators and Department Chairs - School Level",="Certified",7.8
,="Monroe Elementary School",="Administrators  Coordinators and Department Chairs - School Level",="Certified",1.0
,="Stepney Elementary School",="Administrators  Coordinators and Department Chairs - School Level",="Certified",1.0
="Montville School District",="Dr. Charles E. Murphy School",="Administrators  Coordinators and Department Chairs - School Level",="Certified",1.5
,="Leonard J. Tyl Middle School",="Administrators  Coordinators and Department Chairs - School Level",="Certified",2.5
,="Mohegan School",="Administrators  Coordinators and Department Chairs - School Level",="Certified",1.5
,="Montville High School",="Administrators  Coordinators and Department Chairs - School Level",="Certified",4.7
,="Oakdale School",="Administrators  Coordinators and Department Chairs - School Level",="Certified",1.4
,="Palmer Academy",="Administrators  Coordinators and Department Chairs - School Level",="Certified",1.0
="Naugatuck School District",="Andrew Avenue School",="Administrators  Coordinators and Department Chairs - School Level",="Certified",1.0
,="Central Avenue School",="Administrators  Coordinators and Department Chairs - School Level",="Certified",1.0
,="City Hill Middle School",="Administrators  Coordinators and Department Chairs - School Level",="Certified",2.4
,="Cross Street Intermediate School",="Administrators  Coordinators and Department Chairs - School Level",="Certified",1.0
,="Hillside Intermediate School",="Administrators  Coordinators and Department Chairs - School Level",="Certified",1.0
,="Hillside Middle School",="Administrators  Coordinators and Department Chairs - School Level",="Certified",1.0
,="Hop Brook Elementary School",="Administrators  Coordinators and Department Chairs - School Level",="Certified",1.0
,="Maple Hill School",="Administrators  Coordinators and Department Chairs - School Level",="Certified",1.0
,="Naugatuck High School",="Administrators  Coordinators and Department Chairs - School Level",="Certified",8.1
,="Salem School",="Administrators  Coordinators and Department Chairs - School Level",="Certified",1.0
,="Western School",="Administrators  Coordinators and Department Chairs - School Level",="Certified",1.0
="New Beginnings Inc Family Academy District",="New Beginnings Inc., Family Academy",="Administrators  Coordinators and Department Chairs - School Level",="Certified",2.0
="New Britain School District",="Chamberlain Elementary School",="Administrators  Coordinators and Department Chairs - School Level",="Certified",2.0
,="Frank J. DiLoreto School",="Administrators  Coordinators and Department Chairs - School Level",="Certified",2.0
,="Gaffney School",="Administrators  Coordinators and Department Chairs - School Level",="Certified",1.5
,="Holmes School",="Administrators  Coordinators and Department Chairs - School Level",="Certified",1.0
,="House of Arts Letters and Science (HALS) Academy",="Administrators  Coordinators and Department Chairs - School Level",="Certified",0.5
,="Jefferson School",="Administrators  Coordinators and Department Chairs - School Level",="Certified",1.4
,="Lincoln School",="Administrators  Coordinators and Department Chairs - School Level",="Certified",1.5
,="New Britain High School",="Administrators  Coordinators and Department Chairs - School Level",="Certified",5.0
,="Northend School",="Administrators  Coordinators and Department Chairs - School Level",="Certified",1.0
,="Pulaski Middle School",="Administrators  Coordinators and Department Chairs - School Level",="Certified",2.0
,="Roosevelt Middle School",="Administrators  Coordinators and Department Chairs - School Level",="Certified",3.0
,="Slade Middle School",="Administrators  Coordinators and Department Chairs - School Level",="Certified",3.0
,="Smalley Academy",="Administrators  Coordinators and Department Chairs - School Level",="Certified",2.0
,="Smith School",="Administrators  Coordinators and Department Chairs - School Level",="Certified",1.6
,="Vance School",="Administrators  Coordinators and Department Chairs - School Level",="Certified",1.5
="New Canaan School District",="East School",="Administrators  Coordinators and Department Chairs - School Level",="Certified",2.0
,="New Canaan High School",="Administrators  Coordinators and Department Chairs - School Level",="Certified",8.3
,="Saxe Middle School",="Administrators  Coordinators and Department Chairs - School Level",="Certified",4.0
,="South School",="Administrators  Coordinators and Department Chairs - School Level",="Certified",2.0
,="West School",="Administrators  Coordinators and Department Chairs - School Level",="Certified",2.0
="New Fairfield School District",="Consolidated School",="Administrators  Coordinators and Department Chairs - School Level",="Certified",2.5
,="Meeting House Hill School",="Administrators  Coordinators and Department Chairs - School Level",="Certified",2.5
,="New Fairfield High School",="Administrators  Coordinators and Department Chairs - School Level",="Certified",6.3
,="New Fairfield Middle School",="Administrators  Coordinators and Department Chairs - School Level",="Certified",2.8
="New Hartford School District",="Ann Antolini School",="Administrators  Coordinators and Department Chairs - School Level",="Certified",1.0
,="Bakerville Consolidated School",="Administrators  Coordinators and Department Chairs - School Level",="Certified",1.0
,="New Hartford Elementary School",="Administrators  Coordinators and Department Chairs - School Level",="Certified",1.0
="New Haven School District",="Edgewood School",="Administrators  Coordinators and Department Chairs - School Level",="Certified",2.0
,="Nathan Hale School",="Administrators  Coordinators and Department Chairs - School Level",="Certified",1.2
,="Augusta Lewis Troup School",="Administrators  Coordinators and Department Chairs - School Level",="Certified",3.0
,="Barnard Environmental Magnet School",="Administrators  Coordinators and Department Chairs - School Level",="Certified",2.0
,="Beecher School",="Administrators  Coordinators and Department Chairs - School Level",="Certified",4.2
,="Benjamin Jepson Magnet School",="Administrators  Coordinators and Department Chairs - School Level",="Certified",3.0
,="Betsy Ross Arts Magnet School",="Administrators  Coordinators and Department Chairs - School Level",="Certified",3.0
,="Bishop Woods School",="Administrators  Coordinators and Department Chairs - School Level",="Certified",2.0
,="Celentano BioTech, Health and Medical Magnet School",="Administrators  Coordinators and Department Chairs - School Level",="Certified",3.0
,="Clarence Rogers School",="Administrators  Coordinators and Department Chairs - School Level",="Certified",2.5
,="Clemente Leadership Academy",="Administrators  Coordinators and Department Chairs - School Level",="Certified",4.0
,="Clinton Avenue School",="Administrators  Coordinators and Department Chairs - School Level",="Certified",3.0
,="Columbus Family Academy",="Administrators  Coordinators and Department Chairs - School Level",="Certified",2.0
,="Conte/West Hills Magnet School",="Administrators  Coordinators and Department Chairs - School Level",="Certified",3.0
,="Cooperative High School",="Administrators  Coordinators and Department Chairs - School Level",="Certified",2.0
,="Cortlandt V.R. Creed Health and Sport Sciences High School",="Administrators  Coordinators and Department Chairs - School Level",="Certified",1.0
,="Davis 21st Century Magnet Elementary School",="Administrators  Coordinators and Department Chairs - School Level",="Certified",2.0
,="East Rock Community Magnet School",="Administrators  Coordinators and Department Chairs - School Level",="Certified",4.0
,="Engineering - Science University Magnet School",="Administrators  Coordinators and Department Chairs - School Level",="Certified",2.0
,="Fair Haven School",="Administrators  Coordinators and Department Chairs - School Level",="Certified",2.0
,="Hill Central Music Academy",="Administrators  Coordinators and Department Chairs - School Level",="Certified",2.0
,="Hill Regional Career High School",="Administrators  Coordinators and Department Chairs - School Level",="Certified",4.0
,="James Hillhouse High School",="Administrators  Coordinators and Department Chairs - School Level",="Certified",8.2
,="John C. Daniels",="Administrators  Coordinators and Department Chairs - School Level",="Certified",4.0
,="John S. Martinez School",="Administrators  Coordinators and Department Chairs - School Level",="Certified",2.0
,="Katherine Brennan School",="Administrators  Coordinators and Department Chairs - School Level",="Certified",0.5
,="King/Robinson Magnet School",="Administrators  Coordinators and Department Chairs - School Level",="Certified",2.0
,="Lincoln-Bassett School",="Administrators  Coordinators and Department Chairs - School Level",="Certified",2.0
,="Metropolitan Business Academy",="Administrators  Coordinators and Department Chairs - School Level",="Certified",2.0
,="New Haven Academy",="Administrators  Coordinators and Department Chairs - School Level",="Certified",1.0
,="Polly T. McCabe Center",="Administrators  Coordinators and Department Chairs - School Level",="Certified",1.0
,="Riverside Education Academy",="Administrators  Coordinators and Department Chairs - School Level",="Certified",1.0
,="Ross/Woodward School",="Administrators  Coordinators and Department Chairs - School Level",="Certified",5.0
,="Sheridan Communications and Technology Magnet School",="Administrators  Coordinators and Department Chairs - School Level",="Certified",1.0
,="Sound School",="Administrators  Coordinators and Department Chairs - School Level",="Certified",3.0
,="Strong 21st Century Communications Magnet and SCSU Lab School",="Administrators  Coordinators and Department Chairs - School Level",="Certified",1.0
,="Truman School",="Administrators  Coordinators and Department Chairs - School Level",="Certified",3.0
,="Urban Youth Center Middle School",="Administrators  Coordinators and Department Chairs - School Level",="Certified",2.2
,="Vincent E. Mauro Elementary Math, Science and Technology Magnet School",="Administrators  Coordinators and Department Chairs - School Level",="Certified",2.0
,="West Rock Authors Academy",="Administrators  Coordinators and Department Chairs - School Level",="Certified",2.0
,="Wexler/Grant Community School",="Administrators  Coordinators and Department Chairs - School Level",="Certified",2.0
,="Wilbur Cross High School",="Administrators  Coordinators and Department Chairs - School Level",="Certified",11.4
,="Worthington Hooker School",="Administrators  Coordinators and Department Chairs - School Level",="Certified",2.0
="New London School District",="Jennings School",="Administrators  Coordinators and Department Chairs - School Level",="Certified",2.0
,="Bennie Dover Jackson Middle School",="Administrators  Coordinators and Department Chairs - School Level",="Certified",3.5
,="Dual Language Arts Academy/Academia Bilingue de las Artes",="Administrators  Coordinators and Department Chairs - School Level",="Certified",0.2
,="Harbor School",="Administrators  Coordinators and Department Chairs - School Level",="Certified",1.1
,="Nathan Hale Arts Magnet School",="Administrators  Coordinators and Department Chairs - School Level",="Certified",1.1
,="New London High School",="Administrators  Coordinators and Department Chairs - School Level",="Certified",5.5
,="Shoreline Academy",="Administrators  Coordinators and Department Chairs - School Level",="Certified",0.3
,="Winthrop STEM Elementary Magnet School",="Administrators  Coordinators and Department Chairs - School Level",="Certified",0.8
="New Milford School District",="Hill And Plain School",="Administrators  Coordinators and Department Chairs - School Level",="Certified",1.5
,="John Pettibone School",="Administrators  Coordinators and Department Chairs - School Level",="Certified",1.5
,="New Milford High School",="Administrators  Coordinators and Department Chairs - School Level",="Certified",8.4
,="Northville Elementary School",="Administrators  Coordinators and Department Chairs - School Level",="Certified",1.5
,="Sarah Noble Intermediate School",="Administrators  Coordinators and Department Chairs - School Level",="Certified",4.0
,="Schaghticoke Middle School",="Administrators  Coordinators and Department Chairs - School Level",="Certified",2.4
="Newington School District",="Anna Reynolds School",="Administrators  Coordinators and Department Chairs - School Level",="Certified",1.0
,="Elizabeth Green School",="Administrators  Coordinators and Department Chairs - School Level",="Certified",1.0
,="John Paterson School",="Administrators  Coordinators and Department Chairs - School Level",="Certified",1.0
,="John Wallace Middle School",="Administrators  Coordinators and Department Chairs - School Level",="Certified",2.0
,="Martin Kellogg Middle School",="Administrators  Coordinators and Department Chairs - School Level",="Certified",2.0
,="Newington High School",="Administrators  Coordinators and Department Chairs - School Level",="Certified",10.1
,="Ruth Chaffee School",="Administrators  Coordinators and Department Chairs - School Level",="Certified",1.0
="Newtown School District",="Hawley Elementary School",="Administrators  Coordinators and Department Chairs - School Level",="Certified",1.0
,="Head O'Meadow Elementary School",="Administrators  Coordinators and Department Chairs - School Level",="Certified",1.0
,="Middle Gate Elementary School",="Administrators  Coordinators and Department Chairs - School Level",="Certified",1.0
,="Newtown High School",="Administrators  Coordinators and Department Chairs - School Level",="Certified",7.8
,="Newtown Middle School",="Administrators  Coordinators and Department Chairs - School Level",="Certified",2.6
,="Reed Intermediate School",="Administrators  Coordinators and Department Chairs - School Level",="Certified",2.0
,="Sandy Hook Elementary School",="Administrators  Coordinators and Department Chairs - School Level",="Certified",2.0
="Norfolk School District",="Botelle Elementary School",="Administrators  Coordinators and Department Chairs - School Level",="Certified",1.0
="North Branford School District",="Jerome Harrison School",="Administrators  Coordinators and Department Chairs - School Level",="Certified",1.0
,="North Branford High School",="Administrators  Coordinators and Department Chairs - School Level",="Certified",4.0
,="North Branford Intermediate School",="Administrators  Coordinators and Department Chairs - School Level",="Certified",2.3
,="Stanley T. Williams School",="Administrators  Coordinators and Department Chairs - School Level",="Certified",1.0
,="Totoket Valley Elementary School",="Administrators  Coordinators and Department Chairs - School Level",="Certified",1.0
="North Canaan School District",="North Canaan Elementary School",="Administrators  Coordinators and Department Chairs - School Level",="Certified",1.0
="North Haven School District",="Clintonville Elementary School",="Administrators  Coordinators and Department Chairs - School Level",="Certified",1.0
,="Green Acres Elementary School",="Administrators  Coordinators and Department Chairs - School Level",="Certified",1.0
,="Montowese Elementary School",="Administrators  Coordinators and Department Chairs - School Level",="Certified",1.0
,="North Haven High School",="Administrators  Coordinators and Department Chairs - School Level",="Certified",8.2
,="North Haven Middle School",="Administrators  Coordinators and Department Chairs - School Level",="Certified",3.0
,="Ridge Road Elementary School",="Administrators  Coordinators and Department Chairs - School Level",="Certified",1.0
="North Stonington School District",="North Stonington Elementary School",="Administrators  Coordinators and Department Chairs - School Level",="Certified",1.0
,="Wheeler High School",="Administrators  Coordinators and Department Chairs - School Level",="Certified",1.3
,="Wheeler Middle School",="Administrators  Coordinators and Department Chairs - School Level",="Certified",0.9
="Norwalk School District",="Brien McMahon High School",="Administrators  Coordinators and Department Chairs - School Level",="Certified",8.6
,="Brookside Elementary School",="Administrators  Coordinators and Department Chairs - School Level",="Certified",1.0
,="Columbus Magnet School",="Administrators  Coordinators and Department Chairs - School Level",="Certified",2.0
,="Cranbury Elementary School",="Administrators  Coordinators and Department Chairs - School Level",="Certified",2.0
,="Fox Run Elementary School",="Administrators  Coordinators and Department Chairs - School Level",="Certified",2.0
,="Jefferson Magnet School",="Administrators  Coordinators and Department Chairs - School Level",="Certified",2.0
,="Kendall Elementary School",="Administrators  Coordinators and Department Chairs - School Level",="Certified",2.0
,="Marvin Elementary School",="Administrators  Coordinators and Department Chairs - School Level",="Certified",2.0
,="Naramake Elementary School",="Administrators  Coordinators and Department Chairs - School Level",="Certified",2.0
,="Nathan Hale Middle School",="Administrators  Coordinators and Department Chairs - School Level",="Certified",2.0
,="Norwalk High School",="Administrators  Coordinators and Department Chairs - School Level",="Certified",7.6
,="Norwalk Pathways Academy at Briggs",="Administrators  Coordinators and Department Chairs - School Level",="Certified",1.0
,="Ponus Ridge Middle School",="Administrators  Coordinators and Department Chairs - School Level",="Certified",3.0
,="Roton Middle School",="Administrators  Coordinators and Department Chairs - School Level",="Certified",2.0
,="Rowayton School",="Administrators  Coordinators and Department Chairs - School Level",="Certified",2.0
,="Silvermine Elementary School",="Administrators  Coordinators and Department Chairs - School Level",="Certified",1.0
,="Tracey School",="Administrators  Coordinators and Department Chairs - School Level",="Certified",2.0
,="West Rocks Middle School",="Administrators  Coordinators and Department Chairs - School Level",="Certified",3.0
,="Wolfpit School",="Administrators  Coordinators and Department Chairs - School Level",="Certified",2.0
="Norwich Free Academy District",="Norwich Free Academy",="Administrators  Coordinators and Department Chairs - School Level",="Certified",8.0
="Norwich School District",="Bishop School Early Learning Center",="Administrators  Coordinators and Department Chairs - School Level",="Certified",1.0
,="Deborah-Tennant Zinewicz School",="Administrators  Coordinators and Department Chairs - School Level",="Certified",1.0
,="Greeneville School",="Administrators  Coordinators and Department Chairs - School Level",="Certified",1.0
,="John B. Stanton Network School",="Administrators  Coordinators and Department Chairs - School Level",="Certified",1.0
,="Kelly Middle School",="Administrators  Coordinators and Department Chairs - School Level",="Certified",2.0
,="Moriarty Magnet School",="Administrators  Coordinators and Department Chairs - School Level",="Certified",1.0
,="Samuel Huntington School",="Administrators  Coordinators and Department Chairs - School Level",="Certified",1.0
,="Teachers' Memorial Middle School",="Administrators  Coordinators and Department Chairs - School Level",="Certified",2.0
,="Thames River Academy",="Administrators  Coordinators and Department Chairs - School Level",="Certified",1.0
,="Thomas W. Mahan School",="Administrators  Coordinators and Department Chairs - School Level",="Certified",1.0
,="Uncas Network School",="Administrators  Coordinators and Department Chairs - School Level",="Certified",1.0
,="Veterans' Memorial School",="Administrators  Coordinators and Department Chairs - School Level",="Certified",1.0
,="Wequonnoc Magnet School",="Administrators  Coordinators and Department Chairs - School Level",="Certified",1.0
="Odyssey Community School District",="Odyssey Community School",="Administrators  Coordinators and Department Chairs - School Level",="Certified",2.0
="Old Saybrook School District",="Kathleen E. Goodwin School",="Administrators  Coordinators and Department Chairs - School Level",="Certified",1.8
,="Old Saybrook Middle School",="Administrators  Coordinators and Department Chairs - School Level",="Certified",3.1
,="Old Saybrook Senior High School",="Administrators  Coordinators and Department Chairs - School Level",="Certified",2.9
="Orange School District",="Mary L. Tracy School",="Administrators  Coordinators and Department Chairs - School Level",="Certified",0.5
,="Peck Place School",="Administrators  Coordinators and Department Chairs - School Level",="Certified",1.0
,="Race Brook School",="Administrators  Coordinators and Department Chairs - School Level",="Certified",1.0
,="Turkey Hill School",="Administrators  Coordinators and Department Chairs - School Level",="Certified",1.0
="Oxford School District",="Great Oak School",="Administrators  Coordinators and Department Chairs - School Level",="Certified",2.0
,="Oxford Center School",="Administrators  Coordinators and Department Chairs - School Level",="Certified",1.0
,="Oxford High School",="Administrators  Coordinators and Department Chairs - School Level",="Certified",3.6
,="Quaker Farms School",="Administrators  Coordinators and Department Chairs - School Level",="Certified",1.0
="Park City Prep Charter School District",="Park City Prep Charter School",="Administrators  Coordinators and Department Chairs - School Level",="Certified",2.0
="Plainfield School District",="Early Childhood Center",="Administrators  Coordinators and Department Chairs - School Level",="Certified",1.0
,="Moosup Elementary School",="Administrators  Coordinators and Department Chairs - School Level",="Certified",1.0
,="Plainfield Central School",="Administrators  Coordinators and Department Chairs - School Level",="Certified",2.0
,="Plainfield High School",="Administrators  Coordinators and Department Chairs - School Level",="Certified",3.0
,="Plainfield Memorial School",="Administrators  Coordinators and Department Chairs - School Level",="Certified",1.0
,="Shepard Hill Elementary School",="Administrators  Coordinators and Department Chairs - School Level",="Certified",1.0
="Plainville School District",="Frank T. Wheeler School",="Administrators  Coordinators and Department Chairs - School Level",="Certified",1.0
,="Linden Street School",="Administrators  Coordinators and Department Chairs - School Level",="Certified",1.0
,="Louis Toffolon School",="Administrators  Coordinators and Department Chairs - School Level",="Certified",1.0
,="Middle School of Plainville",="Administrators  Coordinators and Department Chairs - School Level",="Certified",3.1
,="Plainville High School",="Administrators  Coordinators and Department Chairs - School Level",="Certified",3.3
="Plymouth School District",="Eli Terry Jr. Middle School",="Administrators  Coordinators and Department Chairs - School Level",="Certified",2.0
,="Harry S. Fisher Elementary School",="Administrators  Coordinators and Department Chairs - School Level",="Certified",1.0
,="Plymouth Center School",="Administrators  Coordinators and Department Chairs - School Level",="Certified",1.0
,="Terryville High School",="Administrators  Coordinators and Department Chairs - School Level",="Certified",2.0
="Pomfret School District",="Pomfret Community School",="Administrators  Coordinators and Department Chairs - School Level",="Certified",1.0
="Portland School District",="Brownstone Intermediate School",="Administrators  Coordinators and Department Chairs - School Level",="Certified",1.4
,="Gildersleeve School",="Administrators  Coordinators and Department Chairs - School Level",="Certified",1.4
,="Portland High School",="Administrators  Coordinators and Department Chairs - School Level",="Certified",1.8
,="Portland Middle School",="Administrators  Coordinators and Department Chairs - School Level",="Certified",1.4
,="Valley View School",="Administrators  Coordinators and Department Chairs - School Level",="Certified",1.4
="Preston School District",="Preston Plains School",="Administrators  Coordinators and Department Chairs - School Level",="Certified",1.0
,="Preston Veterans' Memorial School",="Administrators  Coordinators and Department Chairs - School Level",="Certified",1.0
="Putnam School District",="Putnam Elementary School",="Administrators  Coordinators and Department Chairs - School Level",="Certified",2.0
,="Putnam High School",="Administrators  Coordinators and Department Chairs - School Level",="Certified",2.0
,="Putnam Middle School",="Administrators  Coordinators and Department Chairs - School Level",="Certified",1.0
="Redding School District",="John Read Middle School",="Administrators  Coordinators and Department Chairs - School Level",="Certified",2.5
,="Redding Elementary School",="Administrators  Coordinators and Department Chairs - School Level",="Certified",3.5
="Regional School District 01",="Housatonic Valley Regional High School",="Administrators  Coordinators and Department Chairs - School Level",="Certified",4.0
="Regional School District 04",="John Winthrop Middle School",="Administrators  Coordinators and Department Chairs - School Level",="Certified",1.6
,="Valley Regional High School",="Administrators  Coordinators and Department Chairs - School Level",="Certified",2.2
="Regional School District 05",="Amity Middle School: Bethany",="Administrators  Coordinators and Department Chairs - School Level",="Certified",2.0
,="Amity Middle School: Orange",="Administrators  Coordinators and Department Chairs - School Level",="Certified",2.0
,="Amity Regional High School",="Administrators  Coordinators and Department Chairs - School Level",="Certified",8.2
="Regional School District 06",="James Morris School",="Administrators  Coordinators and Department Chairs - School Level",="Certified",1.0
,="Wamogo Regional High School",="Administrators  Coordinators and Department Chairs - School Level",="Certified",3.8
,="Warren Elementary School",="Administrators  Coordinators and Department Chairs - School Level",="Certified",1.0
="Regional School District 07",="Northwestern Regional High School",="Administrators  Coordinators and Department Chairs - School Level",="Certified",4.0
,="Northwestern Regional Middle School",="Administrators  Coordinators and Department Chairs - School Level",="Certified",1.1
="Regional School District 08",="RHAM High School",="Administrators  Coordinators and Department Chairs - School Level",="Certified",4.2
,="RHAM Middle School",="Administrators  Coordinators and Department Chairs - School Level",="Certified",2.6
="Regional School District 09",="Joel Barlow High School",="Administrators  Coordinators and Department Chairs - School Level",="Certified",8.2
="Regional School District 10",="Har-Bur Middle School",="Administrators  Coordinators and Department Chairs - School Level",="Certified",3.9
,="Harwinton Consolidated School",="Administrators  Coordinators and Department Chairs - School Level",="Certified",2.6
,="Lake Garda Elementary School",="Administrators  Coordinators and Department Chairs - School Level",="Certified",2.4
,="Lewis S. Mills High School",="Administrators  Coordinators and Department Chairs - School Level",="Certified",5.1
="Regional School District 11",="Parish Hill High School",="Administrators  Coordinators and Department Chairs - School Level",="Certified",2.3
="Regional School District 12",="Booth Free School",="Administrators  Coordinators and Department Chairs - School Level",="Certified",0.5
,="Shepaug Valley High School",="Administrators  Coordinators and Department Chairs - School Level",="Certified",2.2
,="Shepaug Valley Middle School",="Administrators  Coordinators and Department Chairs - School Level",="Certified",2.0
,="The Burnham School",="Administrators  Coordinators and Department Chairs - School Level",="Certified",0.5
,="Washington Primary School",="Administrators  Coordinators and Department Chairs - School Level",="Certified",1.0
="Regional School District 13",="Coginchaug Regional High School",="Administrators  Coordinators and Department Chairs - School Level",="Certified",4.2
,="Francis E. Korn School",="Administrators  Coordinators and Department Chairs - School Level",="Certified",1.0
,="Frank Ward Strong School",="Administrators  Coordinators and Department Chairs - School Level",="Certified",1.0
,="Frederick Brewster School",="Administrators  Coordinators and Department Chairs - School Level",="Certified",1.0
,="John Lyman School",="Administrators  Coordinators and Department Chairs - School Level",="Certified",1.0
,="Middlefield Memorial School",="Administrators  Coordinators and Department Chairs - School Level",="Certified",1.0
="Regional School District 14",="Bethlehem Elementary School",="Administrators  Coordinators and Department Chairs - School Level",="Certified",1.0
,="Mitchell Elementary School",="Administrators  Coordinators and Department Chairs - School Level",="Certified",1.0
,="Nonnewaug High School",="Administrators  Coordinators and Department Chairs - School Level",="Certified",3.8
,="Woodbury Middle School",="Administrators  Coordinators and Department Chairs - School Level",="Certified",2.2
="Regional School District 15",="Gainfield Elementary School",="Administrators  Coordinators and Department Chairs - School Level",="Certified",1.0
,="Long Meadow Elementary School",="Administrators  Coordinators and Department Chairs - School Level",="Certified",1.0
,="Memorial Middle School",="Administrators  Coordinators and Department Chairs - School Level",="Certified",2.0
,="Middlebury Elementary School",="Administrators  Coordinators and Department Chairs - School Level",="Certified",1.0
,="Pomperaug Regional High School",="Administrators  Coordinators and Department Chairs - School Level",="Certified",7.6
,="Pomperaug School",="Administrators  Coordinators and Department Chairs - School Level",="Certified",1.0
,="Rochambeau Middle School",="Administrators  Coordinators and Department Chairs - School Level",="Certified",2.0
="Regional School District 16",="Algonquin School",="Administrators  Coordinators and Department Chairs - School Level",="Certified",1.0
,="Community School",="Administrators  Coordinators and Department Chairs - School Level",="Certified",1.0
,="Laurel Ledge School",="Administrators  Coordinators and Department Chairs - School Level",="Certified",1.0
,="Long River Middle School",="Administrators  Coordinators and Department Chairs - School Level",="Certified",2.0
,="Woodland Regional High School",="Administrators  Coordinators and Department Chairs - School Level",="Certified",5.1
="Regional School District 17",="Burr District Elementary School",="Administrators  Coordinators and Department Chairs - School Level",="Certified",1.0
,="Haddam Elementary School",="Administrators  Coordinators and Department Chairs - School Level",="Certified",1.0
,="Haddam-Killingworth High School",="Administrators  Coordinators and Department Chairs - School Level",="Certified",3.0
,="Haddam-Killingworth Middle School",="Administrators  Coordinators and Department Chairs - School Level",="Certified",3.0
,="Killingworth Elementary School",="Administrators  Coordinators and Department Chairs - School Level",="Certified",1.0
="Regional School District 18",="Center School",="Administrators  Coordinators and Department Chairs - School Level",="Certified",1.0
,="Lyme Consolidated School",="Administrators  Coordinators and Department Chairs - School Level",="Certified",1.0
,="Lyme-Old Lyme High School",="Administrators  Coordinators and Department Chairs - School Level",="Certified",1.6
,="Lyme-Old Lyme Middle School",="Administrators  Coordinators and Department Chairs - School Level",="Certified",2.2
,="Mile Creek School",="Administrators  Coordinators and Department Chairs - School Level",="Certified",1.0
="Regional School District 19",="E. O. Smith High School",="Administrators  Coordinators and Department Chairs - School Level",="Certified",7.0
="Ridgefield School District",="Barlow Mountain Elementary School",="Administrators  Coordinators and Department Chairs - School Level",="Certified",1.0
,="Branchville Elementary School",="Administrators  Coordinators and Department Chairs - School Level",="Certified",1.0
,="East Ridge Middle School",="Administrators  Coordinators and Department Chairs - School Level",="Certified",3.0
,="Farmingville Elementary School",="Administrators  Coordinators and Department Chairs - School Level",="Certified",1.0
,="Ridgebury Elementary School",="Administrators  Coordinators and Department Chairs - School Level",="Certified",1.0
,="Ridgefield High School",="Administrators  Coordinators and Department Chairs - School Level",="Certified",10.7
,="Scotland Elementary School",="Administrators  Coordinators and Department Chairs - School Level",="Certified",1.0
,="Scotts Ridge Middle School",="Administrators  Coordinators and Department Chairs - School Level",="Certified",2.0
,="Veterans Park Elementary School",="Administrators  Coordinators and Department Chairs - School Level",="Certified",1.0
="Rocky Hill School District",="Albert D. Griswold Middle School",="Administrators  Coordinators and Department Chairs - School Level",="Certified",2.0
,="Dr. Oran A. Moser School",="Administrators  Coordinators and Department Chairs - School Level",="Certified",0.4
,="Myrtle H. Stevens School",="Administrators  Coordinators and Department Chairs - School Level",="Certified",0.6
,="Rocky Hill High School",="Administrators  Coordinators and Department Chairs - School Level",="Certified",3.0
,="West Hill School",="Administrators  Coordinators and Department Chairs - School Level",="Certified",1.0
="Salem School District",="Salem Elementary School",="Administrators  Coordinators and Department Chairs - School Level",="Certified",2.5
="Salisbury School District",="Salisbury Central School",="Administrators  Coordinators and Department Chairs - School Level",="Certified",1.0
="Scotland School District",="Scotland Elementary School",="Administrators  Coordinators and Department Chairs - School Level",="Certified",0.5
="Seymour School District",="Anna L. Lopresti School",="Administrators  Coordinators and Department Chairs - School Level",="Certified",1.0
,="Bungay School",="Administrators  Coordinators and Department Chairs - School Level",="Certified",2.0
,="Paul E. Chatfield School",="Administrators  Coordinators and Department Chairs - School Level",="Certified",2.0
,="Seymour High School",="Administrators  Coordinators and Department Chairs - School Level",="Certified",3.0
,="Seymour Middle School",="Administrators  Coordinators and Department Chairs - School Level",="Certified",2.0
="Sharon School District",="Sharon Center School",="Administrators  Coordinators and Department Chairs - School Level",="Certified",1.0
="Shelton School District",="Mohegan School",="Administrators  Coordinators and Department Chairs - School Level",="Certified",1.4
,="Booth Hill School",="Administrators  Coordinators and Department Chairs - School Level",="Certified",1.1
,="Elizabeth Shelton School",="Administrators  Coordinators and Department Chairs - School Level",="Certified",1.4
,="Intermediate School",="Administrators  Coordinators and Department Chairs - School Level",="Certified",3.9
,="Lafayette School",="Administrators  Coordinators and Department Chairs - School Level",="Certified",1.1
,="Long Hill School",="Administrators  Coordinators and Department Chairs - School Level",="Certified",1.4
,="Shelton High School",="Administrators  Coordinators and Department Chairs - School Level",="Certified",7.1
,="Sunnyside School",="Administrators  Coordinators and Department Chairs - School Level",="Certified",1.1
="Sherman School District",="Sherman School",="Administrators  Coordinators and Department Chairs - School Level",="Certified",2.0
="Side By Side Charter School District",="Side By Side Charter School",="Administrators  Coordinators and Department Chairs - School Level",="Certified",1.0
="Simsbury School District",="Central School",="Administrators  Coordinators and Department Chairs - School Level",="Certified",1.5
,="Henry James Memorial School",="Administrators  Coordinators and Department Chairs - School Level",="Certified",4.3
,="Latimer Lane School",="Administrators  Coordinators and Department Chairs - School Level",="Certified",2.0
,="Simsbury High School",="Administrators  Coordinators and Department Chairs - School Level",="Certified",11.0
,="Squadron Line School",="Administrators  Coordinators and Department Chairs - School Level",="Certified",2.5
,="Tariffville School",="Administrators  Coordinators and Department Chairs - School Level",="Certified",1.5
,="Tootin' Hills School",="Administrators  Coordinators and Department Chairs - School Level",="Certified",2.0
="Somers School District",="Mabelle B. Avery Middle School",="Administrators  Coordinators and Department Chairs - School Level",="Certified",2.0
,="Somers Elementary School",="Administrators  Coordinators and Department Chairs - School Level",="Certified",2.0
,="Somers High School",="Administrators  Coordinators and Department Chairs - School Level",="Certified",2.0
="South Windsor School District",="Pleasant Valley School",="Administrators  Coordinators and Department Chairs - School Level",="Certified",1.2
,="Eli Terry School",="Administrators  Coordinators and Department Chairs - School Level",="Certified",1.2
,="Orchard Hill School",="Administrators  Coordinators and Department Chairs - School Level",="Certified",1.2
,="Philip R. Smith School",="Administrators  Coordinators and Department Chairs - School Level",="Certified",1.2
,="South Windsor High School",="Administrators  Coordinators and Department Chairs - School Level",="Certified",9.1
,="Timothy Edwards School",="Administrators  Coordinators and Department Chairs - School Level",="Certified",3.5
,="Wapping Elementary School",="Administrators  Coordinators and Department Chairs - School Level",="Certified",1.2
="Southington School District",="John F. Kennedy Middle School",="Administrators  Coordinators and Department Chairs - School Level",="Certified",2.4
,="Derynoski Elementary School",="Administrators  Coordinators and Department Chairs - School Level",="Certified",2.0
,="Flanders Elementary School",="Administrators  Coordinators and Department Chairs - School Level",="Certified",1.0
,="Hatton Elementary School",="Administrators  Coordinators and Department Chairs - School Level",="Certified",1.0
,="Joseph A. Depaolo Middle School",="Administrators  Coordinators and Department Chairs - School Level",="Certified",2.4
,="Plantsville Elementary School",="Administrators  Coordinators and Department Chairs - School Level",="Certified",1.0
,="South End Elementary School",="Administrators  Coordinators and Department Chairs - School Level",="Certified",1.0
,="Southington High School",="Administrators  Coordinators and Department Chairs - School Level",="Certified",9.4
,="Strong Elementary School",="Administrators  Coordinators and Department Chairs - School Level",="Certified",1.0
,="Thalberg Elementary School",="Administrators  Coordinators and Department Chairs - School Level",="Certified",1.0
,="Urbin T. Kelley School",="Administrators  Coordinators and Department Chairs - School Level",="Certified",1.0
="Sprague School District",="Sayles School",="Administrators  Coordinators and Department Chairs - School Level",="Certified",1.0
="Stafford School District",="Stafford Elementary School",="Administrators  Coordinators and Department Chairs - School Level",="Certified",2.0
,="Stafford High School",="Administrators  Coordinators and Department Chairs - School Level",="Certified",2.0
,="Stafford Middle School",="Administrators  Coordinators and Department Chairs - School Level",="Certified",2.0
,="Staffordville School",="Administrators  Coordinators and Department Chairs - School Level",="Certified",1.0
,="West Stafford School",="Administrators  Coordinators and Department Chairs - School Level",="Certified",1.0
="Stamford Academy District",="Stamford Academy",="Administrators  Coordinators and Department Chairs - School Level",="Certified",2.0
="Stamford School District",="Cloonan School",="Administrators  Coordinators and Department Chairs - School Level",="Certified",2.0
,="Davenport Ridge School",="Administrators  Coordinators and Department Chairs - School Level",="Certified",3.0
,="Dolan School",="Administrators  Coordinators and Department Chairs - School Level",="Certified",3.0
,="Hart School",="Administrators  Coordinators and Department Chairs - School Level",="Certified",1.0
,="Julia A. Stark School",="Administrators  Coordinators and Department Chairs - School Level",="Certified",2.0
,="K. T. Murphy School",="Administrators  Coordinators and Department Chairs - School Level",="Certified",2.0
,="Newfield School",="Administrators  Coordinators and Department Chairs - School Level",="Certified",2.0
,="Northeast School",="Administrators  Coordinators and Department Chairs - School Level",="Certified",2.0
,="Preschool Team",="Administrators  Coordinators and Department Chairs - School Level",="Certified",5.0
,="Rippowam Middle School",="Administrators  Coordinators and Department Chairs - School Level",="Certified",3.0
,="Rogers International School",="Administrators  Coordinators and Department Chairs - School Level",="Certified",2.0
,="Roxbury School",="Administrators  Coordinators and Department Chairs - School Level",="Certified",1.0
,="Scofield Middle School",="Administrators  Coordinators and Department Chairs - School Level",="Certified",4.0
,="Springdale School",="Administrators  Coordinators and Department Chairs - School Level",="Certified",2.0
,="Stamford High School",="Administrators  Coordinators and Department Chairs - School Level",="Certified",9.8
,="Stillmeadow School",="Administrators  Coordinators and Department Chairs - School Level",="Certified",3.0
,="The Academy of Information Technology",="Administrators  Coordinators and Department Chairs - School Level",="Certified",3.0
,="Toquam Magnet School",="Administrators  Coordinators and Department Chairs - School Level",="Certified",3.0
,="Turn of River School",="Administrators  Coordinators and Department Chairs - School Level",="Certified",4.0
,="Westhill High School",="Administrators  Coordinators and Department Chairs - School Level",="Certified",11.5
,="Westover School",="Administrators  Coordinators and Department Chairs - School Level",="Certified",3.0
="Sterling School District",="Sterling Community School",="Administrators  Coordinators and Department Chairs - School Level",="Certified",2.0
="Stonington School District",="Deans Mill School",="Administrators  Coordinators and Department Chairs - School Level",="Certified",1.6
,="Mystic Middle School",="Administrators  Coordinators and Department Chairs - School Level",="Certified",1.0
,="Pawcatuck Middle School",="Administrators  Coordinators and Department Chairs - School Level",="Certified",1.0
,="Stonington High School",="Administrators  Coordinators and Department Chairs - School Level",="Certified",4.0
,="West Broad Street School",="Administrators  Coordinators and Department Chairs - School Level",="Certified",1.0
,="West Vine Street School",="Administrators  Coordinators and Department Chairs - School Level",="Certified",1.0
="Stratford School District",="Eli Whitney School",="Administrators  Coordinators and Department Chairs - School Level",="Certified",2.0
,="Bunnell High School",="Administrators  Coordinators and Department Chairs - School Level",="Certified",7.6
,="Chapel School",="Administrators  Coordinators and Department Chairs - School Level",="Certified",1.5
,="David Wooster Middle School",="Administrators  Coordinators and Department Chairs - School Level",="Certified",2.0
,="Franklin School",="Administrators  Coordinators and Department Chairs - School Level",="Certified",1.5
,="Harry B. Flood Middle School",="Administrators  Coordinators and Department Chairs - School Level",="Certified",2.0
,="Lordship School",="Administrators  Coordinators and Department Chairs - School Level",="Certified",1.0
,="Nichols School",="Administrators  Coordinators and Department Chairs - School Level",="Certified",1.5
,="Second Hill Lane School",="Administrators  Coordinators and Department Chairs - School Level",="Certified",2.0
,="Stratford Academy - Johnson House",="Administrators  Coordinators and Department Chairs - School Level",="Certified",3.0
,="Stratford High School",="Administrators  Coordinators and Department Chairs - School Level",="Certified",8.4
,="Wilcoxson School",="Administrators  Coordinators and Department Chairs - School Level",="Certified",1.5
="Suffield School District",="A. Ward Spaulding School",="Administrators  Coordinators and Department Chairs - School Level",="Certified",1.0
,="McAlister Intermediate School",="Administrators  Coordinators and Department Chairs - School Level",="Certified",2.0
,="Suffield High School",="Administrators  Coordinators and Department Chairs - School Level",="Certified",4.0
,="Suffield Middle School",="Administrators  Coordinators and Department Chairs - School Level",="Certified",2.0
="The Bridge Academy District",="The Bridge Academy",="Administrators  Coordinators and Department Chairs - School Level",="Certified",2.0
="The Gilbert School District",="The Gilbert School",="Administrators  Coordinators and Department Chairs - School Level",="Certified",3.9
="Thomaston School District",="Black Rock School",="Administrators  Coordinators and Department Chairs - School Level",="Certified",1.0
,="Thomaston Center School",="Administrators  Coordinators and Department Chairs - School Level",="Certified",1.0
,="Thomaston High School",="Administrators  Coordinators and Department Chairs - School Level",="Certified",2.4
="Thompson School District",="Mary R. Fisher Elementary School",="Administrators  Coordinators and Department Chairs - School Level",="Certified",1.0
,="Thompson Middle School",="Administrators  Coordinators and Department Chairs - School Level",="Certified",1.8
,="Tourtellotte Memorial High School",="Administrators  Coordinators and Department Chairs - School Level",="Certified",2.9
="Tolland School District",="Birch Grove Primary School",="Administrators  Coordinators and Department Chairs - School Level",="Certified",1.9
,="Tolland High School",="Administrators  Coordinators and Department Chairs - School Level",="Certified",2.9
,="Tolland Intermediate School",="Administrators  Coordinators and Department Chairs - School Level",="Certified",1.5
,="Tolland Middle School",="Administrators  Coordinators and Department Chairs - School Level",="Certified",2.0
="Torrington School District",="East School",="Administrators  Coordinators and Department Chairs - School Level",="Certified",1.0
,="Forbes School",="Administrators  Coordinators and Department Chairs - School Level",="Certified",1.0
,="Southwest School",="Administrators  Coordinators and Department Chairs - School Level",="Certified",1.0
,="Torringford School",="Administrators  Coordinators and Department Chairs - School Level",="Certified",2.0
,="Torrington High School",="Administrators  Coordinators and Department Chairs - School Level",="Certified",5.5
,="Torrington Middle School",="Administrators  Coordinators and Department Chairs - School Level",="Certified",3.5
,="Vogel-Wetmore School",="Administrators  Coordinators and Department Chairs - School Level",="Certified",2.0
="Trailblazers Academy District",="Trailblazers Academy",="Administrators  Coordinators and Department Chairs - School Level",="Certified",0.6
="Trumbull School District",="Booth Hill School",="Administrators  Coordinators and Department Chairs - School Level",="Certified",1.5
,="Daniels Farm School",="Administrators  Coordinators and Department Chairs - School Level",="Certified",1.6
,="Frenchtown Elementary School",="Administrators  Coordinators and Department Chairs - School Level",="Certified",2.9
,="Head Start",="Administrators  Coordinators and Department Chairs - School Level",="Certified",0.2
,="Hillcrest Middle School",="Administrators  Coordinators and Department Chairs - School Level",="Certified",2.2
,="Jane Ryan School",="Administrators  Coordinators and Department Chairs - School Level",="Certified",1.5
,="Madison Middle School",="Administrators  Coordinators and Department Chairs - School Level",="Certified",2.2
,="Middlebrook School",="Administrators  Coordinators and Department Chairs - School Level",="Certified",1.6
,="Tashua School",="Administrators  Coordinators and Department Chairs - School Level",="Certified",1.6
,="Trumbull Early Childhood Education Center",="Administrators  Coordinators and Department Chairs - School Level",="Certified",0.9
,="Trumbull High School",="Administrators  Coordinators and Department Chairs - School Level",="Certified",10.9
="Unified School District #1",="Bergin Correctional Institution",="Administrators  Coordinators and Department Chairs - School Level",="Certified",1.0
,="Bridgeport Correctional Center",="Administrators  Coordinators and Department Chairs - School Level",="Certified",0.4
,="Brooklyn Correctional Institution",="Administrators  Coordinators and Department Chairs - School Level",="Certified",0.2
,="Cheshire Correctional Institution",="Administrators  Coordinators and Department Chairs - School Level",="Certified",1.0
,="Corrigan/Radgowski Correctional Institution",="Administrators  Coordinators and Department Chairs - School Level",="Certified",1.0
,="Enfield Correctional Institution",="Administrators  Coordinators and Department Chairs - School Level",="Certified",1.0
,="Garner Correctional Institution",="Administrators  Coordinators and Department Chairs - School Level",="Certified",1.0
,="Gates Correctional Institution",="Administrators  Coordinators and Department Chairs - School Level",="Certified",1.0
,="Hartford Correctional Center",="Administrators  Coordinators and Department Chairs - School Level",="Certified",1.2
,="MacDougall/Walker Correctional Institution",="Administrators  Coordinators and Department Chairs - School Level",="Certified",2.0
,="Manson Youth Institution",="Administrators  Coordinators and Department Chairs - School Level",="Certified",4.0
,="New Haven Correctional Center",="Administrators  Coordinators and Department Chairs - School Level",="Certified",0.4
,="Osborn Correctional Institution",="Administrators  Coordinators and Department Chairs - School Level",="Certified",1.0
,="Robinson Correctional Institution",="Administrators  Coordinators and Department Chairs - School Level",="Certified",1.0
,="Webster Correctional Institution",="Administrators  Coordinators and Department Chairs - School Level",="Certified",1.0
,="Willard/Cybulski Correctional Institution",="Administrators  Coordinators and Department Chairs - School Level",="Certified",1.0
,="York Correctional Institution",="Administrators  Coordinators and Department Chairs - School Level",="Certified",2.0
="Unified School District #2",="Children's Place School",="Administrators  Coordinators and Department Chairs - School Level",="Certified",1.0
,="High Meadows",="Administrators  Coordinators and Department Chairs - School Level",="Certified",1.0
,="Riverview School",="Administrators  Coordinators and Department Chairs - School Level",="Certified",2.0
,="Walter G. Cady School",="Administrators  Coordinators and Department Chairs - School Level",="Certified",4.0
="Union School District",="Union Elementary School",="Administrators  Coordinators and Department Chairs - School Level",="Certified",0.7
="Vernon School District",="Northeast School",="Administrators  Coordinators and Department Chairs - School Level",="Certified",1.0
,="Center Road School",="Administrators  Coordinators and Department Chairs - School Level",="Certified",1.0
,="Lake Street School",="Administrators  Coordinators and Department Chairs - School Level",="Certified",1.0
,="Maple Street School",="Administrators  Coordinators and Department Chairs - School Level",="Certified",1.0
,="Rockville High School",="Administrators  Coordinators and Department Chairs - School Level",="Certified",4.8
,="Skinner Road School",="Administrators  Coordinators and Department Chairs - School Level",="Certified",1.0
,="Vernon Center Middle School",="Administrators  Coordinators and Department Chairs - School Level",="Certified",2.0
="Voluntown School District",="Voluntown Elementary School",="Administrators  Coordinators and Department Chairs - School Level",="Certified",2.0
="Wallingford School District",="Highland School",="Administrators  Coordinators and Department Chairs - School Level",="Certified",1.1
,="Cook Hill School",="Administrators  Coordinators and Department Chairs - School Level",="Certified",1.1
,="Dag Hammarskjold Middle School",="Administrators  Coordinators and Department Chairs - School Level",="Certified",2.5
,="Evarts C. Stevens School",="Administrators  Coordinators and Department Chairs - School Level",="Certified",1.1
,="James H. Moran Middle School",="Administrators  Coordinators and Department Chairs - School Level",="Certified",2.5
,="Lyman Hall High School",="Administrators  Coordinators and Department Chairs - School Level",="Certified",8.1
,="Mark T. Sheehan High School",="Administrators  Coordinators and Department Chairs - School Level",="Certified",5.7
,="Moses Y. Beach School",="Administrators  Coordinators and Department Chairs - School Level",="Certified",1.1
,="Parker Farms School",="Administrators  Coordinators and Department Chairs - School Level",="Certified",1.1
,="Pond Hill School",="Administrators  Coordinators and Department Chairs - School Level",="Certified",1.1
,="Rock Hill School",="Administrators  Coordinators and Department Chairs - School Level",="Certified",1.1
,="Yalesville School",="Administrators  Coordinators and Department Chairs - School Level",="Certified",2.2
="Waterbury School District",="Brooklyn Elementary School",="Administrators  Coordinators and Department Chairs - School Level",="Certified",1.0
,="West Side Middle School",="Administrators  Coordinators and Department Chairs - School Level",="Certified",4.0
,="Washington School",="Administrators  Coordinators and Department Chairs - School Level",="Certified",1.0
,="B. W. Tinker School",="Administrators  Coordinators and Department Chairs - School Level",="Certified",2.0
,="Barnard School",="Administrators  Coordinators and Department Chairs - School Level",="Certified",1.0
,="Bucks Hill School",="Administrators  Coordinators and Department Chairs - School Level",="Certified",2.0
,="Bunker Hill School",="Administrators  Coordinators and Department Chairs - School Level",="Certified",2.0
,="Carrington School",="Administrators  Coordinators and Department Chairs - School Level",="Certified",2.0
,="Crosby High School",="Administrators  Coordinators and Department Chairs - School Level",="Certified",4.3
,="Driggs School",="Administrators  Coordinators and Department Chairs - School Level",="Certified",2.0
,="Enlightenment School",="Administrators  Coordinators and Department Chairs - School Level",="Certified",1.0
,="F. J. Kingsbury School",="Administrators  Coordinators and Department Chairs - School Level",="Certified",2.0
,="Gilmartin School",="Administrators  Coordinators and Department Chairs - School Level",="Certified",1.0
,="H. S. Chase School",="Administrators  Coordinators and Department Chairs - School Level",="Certified",3.0
,="Hopeville School",="Administrators  Coordinators and Department Chairs - School Level",="Certified",2.0
,="John F. Kennedy High School",="Administrators  Coordinators and Department Chairs - School Level",="Certified",7.2
,="Maloney Interdistrict Magnet School",="Administrators  Coordinators and Department Chairs - School Level",="Certified",2.0
,="Margaret M. Generali Elementary School",="Administrators  Coordinators and Department Chairs - School Level",="Certified",2.0
,="Michael F. Wallace Middle School",="Administrators  Coordinators and Department Chairs - School Level",="Certified",4.0
,="North End Middle School",="Administrators  Coordinators and Department Chairs - School Level",="Certified",4.0
,="Regan School",="Administrators  Coordinators and Department Chairs - School Level",="Certified",1.0
,="Rotella Interdistrict Magnet School",="Administrators  Coordinators and Department Chairs - School Level",="Certified",3.0
,="Sprague School",="Administrators  Coordinators and Department Chairs - School Level",="Certified",2.0
,="Walsh School",="Administrators  Coordinators and Department Chairs - School Level",="Certified",2.0
,="Waterbury Arts Magnet School (High)",="Administrators  Coordinators and Department Chairs - School Level",="Certified",4.0
,="Waterbury Arts Magnet School (Middle)",="Administrators  Coordinators and Department Chairs - School Level",="Certified",2.0
,="Wendell L. Cross School",="Administrators  Coordinators and Department Chairs - School Level",="Certified",1.0
,="Wilby High School",="Administrators  Coordinators and Department Chairs - School Level",="Certified",4.3
,="Woodrow Wilson School",="Administrators  Coordinators and Department Chairs - School Level",="Certified",1.0
="Waterford School District",="Clark Lane Middle School",="Administrators  Coordinators and Department Chairs - School Level",="Certified",2.4
,="Oswegatchie Elementary School",="Administrators  Coordinators and Department Chairs - School Level",="Certified",1.0
,="Quaker Hill Elementary School",="Administrators  Coordinators and Department Chairs - School Level",="Certified",1.0
,="Southwest Elementary School",="Administrators  Coordinators and Department Chairs - School Level",="Certified",1.0
,="Waterford High School",="Administrators  Coordinators and Department Chairs - School Level",="Certified",6.0
="Watertown School District",="Fletcher W. Judson School",="Administrators  Coordinators and Department Chairs - School Level",="Certified",1.0
,="John Trumbull Primary School",="Administrators  Coordinators and Department Chairs - School Level",="Certified",3.0
,="Polk School",="Administrators  Coordinators and Department Chairs - School Level",="Certified",1.0
,="Swift Middle School",="Administrators  Coordinators and Department Chairs - School Level",="Certified",3.0
,="Watertown High School",="Administrators  Coordinators and Department Chairs - School Level",="Certified",3.0
="West Hartford School District",="Smith School",="Administrators  Coordinators and Department Chairs - School Level",="Certified",2.0
,="Aiken School",="Administrators  Coordinators and Department Chairs - School Level",="Certified",1.0
,="Braeburn School",="Administrators  Coordinators and Department Chairs - School Level",="Certified",1.0
,="Bristow Middle School",="Administrators  Coordinators and Department Chairs - School Level",="Certified",4.1
,="Bugbee School",="Administrators  Coordinators and Department Chairs - School Level",="Certified",1.0
,="Charter Oak International Academy",="Administrators  Coordinators and Department Chairs - School Level",="Certified",2.0
,="Conard High School",="Administrators  Coordinators and Department Chairs - School Level",="Certified",6.4
,="Duffy School",="Administrators  Coordinators and Department Chairs - School Level",="Certified",1.2
,="Hall High School",="Administrators  Coordinators and Department Chairs - School Level",="Certified",6.2
,="King Philip Middle School",="Administrators  Coordinators and Department Chairs - School Level",="Certified",5.1
,="Morley School",="Administrators  Coordinators and Department Chairs - School Level",="Certified",1.0
,="Norfeldt School",="Administrators  Coordinators and Department Chairs - School Level",="Certified",1.0
,="Sedgwick Middle School",="Administrators  Coordinators and Department Chairs - School Level",="Certified",5.4
,="Webster Hill School",="Administrators  Coordinators and Department Chairs - School Level",="Certified",1.0
,="Whiting Lane School",="Administrators  Coordinators and Department Chairs - School Level",="Certified",1.0
,="Wolcott School",="Administrators  Coordinators and Department Chairs - School Level",="Certified",1.0
="West Haven School District",="Washington School",="Administrators  Coordinators and Department Chairs - School Level",="Certified",1.0
,="Alma E. Pagels School",="Administrators  Coordinators and Department Chairs - School Level",="Certified",1.0
,="Anna V. Molloy School",="Administrators  Coordinators and Department Chairs - School Level",="Certified",1.0
,="Carrigan 5/6 Intermediate School",="Administrators  Coordinators and Department Chairs - School Level",="Certified",2.0
,="Clarence E. Thompson School",="Administrators  Coordinators and Department Chairs - School Level",="Certified",1.0
,="Edith E. Mackrille School",="Administrators  Coordinators and Department Chairs - School Level",="Certified",1.0
,="Forest School",="Administrators  Coordinators and Department Chairs - School Level",="Certified",1.0
,="Harry M. Bailey Middle School",="Administrators  Coordinators and Department Chairs - School Level",="Certified",2.0
,="Savin Rock Community School",="Administrators  Coordinators and Department Chairs - School Level",="Certified",1.0
,="Seth G. Haley School",="Administrators  Coordinators and Department Chairs - School Level",="Certified",1.0
,="West Haven High School",="Administrators  Coordinators and Department Chairs - School Level",="Certified",10.0
="Westbrook School District",="Daisy Ingraham School",="Administrators  Coordinators and Department Chairs - School Level",="Certified",1.0
,="Westbrook High School",="Administrators  Coordinators and Department Chairs - School Level",="Certified",1.0
,="Westbrook Middle School",="Administrators  Coordinators and Department Chairs - School Level",="Certified",1.0
="Weston School District",="Hurlbutt Elementary School",="Administrators  Coordinators and Department Chairs - School Level",="Certified",2.7
,="Weston High School",="Administrators  Coordinators and Department Chairs - School Level",="Certified",6.2
,="Weston Intermediate School",="Administrators  Coordinators and Department Chairs - School Level",="Certified",3.5
,="Weston Middle School",="Administrators  Coordinators and Department Chairs - School Level",="Certified",2.0
="Westport School District",="Bedford Middle School",="Administrators  Coordinators and Department Chairs - School Level",="Certified",5.8
,="Coleytown Elementary School",="Administrators  Coordinators and Department Chairs - School Level",="Certified",4.3
,="Coleytown Middle School",="Administrators  Coordinators and Department Chairs - School Level",="Certified",4.8
,="Green's Farms School",="Administrators  Coordinators and Department Chairs - School Level",="Certified",3.9
,="King's Highway Elementary School",="Administrators  Coordinators and Department Chairs - School Level",="Certified",3.9
,="Long Lots School",="Administrators  Coordinators and Department Chairs - School Level",="Certified",3.9
,="Saugatuck Elementary School",="Administrators  Coordinators and Department Chairs - School Level",="Certified",3.9
,="Staples High School",="Administrators  Coordinators and Department Chairs - School Level",="Certified",10.9
,="Stepping Stones Preschool",="Administrators  Coordinators and Department Chairs - School Level",="Certified",0.6
="Wethersfield School District",="Alfred W. Hanmer School",="Administrators  Coordinators and Department Chairs - School Level",="Certified",1.0
,="Charles Wright School",="Administrators  Coordinators and Department Chairs - School Level",="Certified",1.0
,="Emerson-Williams School",="Administrators  Coordinators and Department Chairs - School Level",="Certified",1.0
,="Highcrest School",="Administrators  Coordinators and Department Chairs - School Level",="Certified",1.0
,="Samuel B. Webb Elementary School",="Administrators  Coordinators and Department Chairs - School Level",="Certified",1.0
,="Silas Deane Middle School",="Administrators  Coordinators and Department Chairs - School Level",="Certified",2.0
,="Wethersfield High School",="Administrators  Coordinators and Department Chairs - School Level",="Certified",3.0
="Willington School District",="Center School",="Administrators  Coordinators and Department Chairs - School Level",="Certified",1.0
,="Hall Memorial School",="Administrators  Coordinators and Department Chairs - School Level",="Certified",1.0
="Wilton School District",="Middlebrook School",="Administrators  Coordinators and Department Chairs - School Level",="Certified",4.0
,="Cider Mill School",="Administrators  Coordinators and Department Chairs - School Level",="Certified",3.0
,="Ina E. Driscoll School",="Administrators  Coordinators and Department Chairs - School Level",="Certified",1.5
,="Miller-Driscoll School",="Administrators  Coordinators and Department Chairs - School Level",="Certified",1.5
,="Wilton High School",="Administrators  Coordinators and Department Chairs - School Level",="Certified",5.0
="Winchester School District",="Batcheller Early Education Center",="Administrators  Coordinators and Department Chairs - School Level",="Certified",1.0
,="Mary P. Hinsdale School",="Administrators  Coordinators and Department Chairs - School Level",="Certified",1.0
,="Pearson Middle School",="Administrators  Coordinators and Department Chairs - School Level",="Certified",2.0
="Windham School District",="Eastern Regional Academy/Windham",="Administrators  Coordinators and Department Chairs - School Level",="Certified",0.5
,="Natchaug School",="Administrators  Coordinators and Department Chairs - School Level",="Certified",1.0
,="North Windham School",="Administrators  Coordinators and Department Chairs - School Level",="Certified",1.0
,="W. B. Sweeney School",="Administrators  Coordinators and Department Chairs - School Level",="Certified",1.0
,="Windham Center School",="Administrators  Coordinators and Department Chairs - School Level",="Certified",1.0
,="Windham Early Childhood Prospect Street",="Administrators  Coordinators and Department Chairs - School Level",="Certified",1.0
,="Windham High School",="Administrators  Coordinators and Department Chairs - School Level",="Certified",6.6
,="Windham Middle School",="Administrators  Coordinators and Department Chairs - School Level",="Certified",3.0
="Windsor Locks School District",="North Street School",="Administrators  Coordinators and Department Chairs - School Level",="Certified",1.0
,="South Elementary School",="Administrators  Coordinators and Department Chairs - School Level",="Certified",1.0
,="Windsor Locks High School",="Administrators  Coordinators and Department Chairs - School Level",="Certified",3.4
,="Windsor Locks Middle School",="Administrators  Coordinators and Department Chairs - School Level",="Certified",2.0
="Windsor School District",="Clover Street School",="Administrators  Coordinators and Department Chairs - School Level",="Certified",1.5
,="John F. Kennedy School",="Administrators  Coordinators and Department Chairs - School Level",="Certified",2.0
,="Oliver Ellsworth School",="Administrators  Coordinators and Department Chairs - School Level",="Certified",2.0
,="Poquonock Elementary School",="Administrators  Coordinators and Department Chairs - School Level",="Certified",1.5
,="Roger Wolcott Early Child Center",="Administrators  Coordinators and Department Chairs - School Level",="Certified",1.0
,="Sage Park Middle School",="Administrators  Coordinators and Department Chairs - School Level",="Certified",4.0
,="Windsor High School",="Administrators  Coordinators and Department Chairs - School Level",="Certified",6.0
="Wolcott School District",="Alcott School",="Administrators  Coordinators and Department Chairs - School Level",="Certified",1.0
,="Frisbie School",="Administrators  Coordinators and Department Chairs - School Level",="Certified",1.0
,="Tyrrell Middle School",="Administrators  Coordinators and Department Chairs - School Level",="Certified",2.0
,="Wakelee School",="Administrators  Coordinators and Department Chairs - School Level",="Certified",1.0
,="Wolcott High School",="Administrators  Coordinators and Department Chairs - School Level",="Certified",4.7
="Woodbridge School District",="Beecher Road Intermediate School",="Administrators  Coordinators and Department Chairs - School Level",="Certified",1.0
,="Beecher Road Primary School",="Administrators  Coordinators and Department Chairs - School Level",="Certified",1.0
="Woodstock Academy District",="Woodstock Academy",="Administrators  Coordinators and Department Chairs - School Level",="Certified",7.1
="Woodstock School District",="Woodstock Elementary School",="Administrators  Coordinators and Department Chairs - School Level",="Certified",1.5
,="Woodstock Middle School",="Administrators  Coordinators and Department Chairs - School Level",="Certified",1.5

