"Chronic Absenteeism, 2015-16"
", English Learner Status"

"District","District Code","Category","% Chronically Absent"
"Achievement First Hartford Academy Inc. District","=""2880013""","Kindergarten",15.7
"Achievement First Hartford Academy Inc. District","=""2880013""","American Indian or Alaska Native","*"
"Achievement First Hartford Academy Inc. District","=""2880013""","Asian","*"
"Achievement First Hartford Academy Inc. District","=""2880013""","Black or African American",7.8
"Achievement First Hartford Academy Inc. District","=""2880013""","District",10.1
"Achievement First Hartford Academy Inc. District","=""2880013""","ELL",14.0
"Achievement First Hartford Academy Inc. District","=""2880013""","Eligible For Free Lunch",10.1
"Achievement First Hartford Academy Inc. District","=""2880013""","Female",10.7
"Achievement First Hartford Academy Inc. District","=""2880013""","Grade   1",6.6
"Achievement First Hartford Academy Inc. District","=""2880013""","Grade   2","*"
"Achievement First Hartford Academy Inc. District","=""2880013""","Grade   3",7.8
"Achievement First Hartford Academy Inc. District","=""2880013""","Grade   4","*"
"Achievement First Hartford Academy Inc. District","=""2880013""","Grade   5",19.0
"Achievement First Hartford Academy Inc. District","=""2880013""","Grade   6",8.3
"Achievement First Hartford Academy Inc. District","=""2880013""","Grade   7",14.3
"Achievement First Hartford Academy Inc. District","=""2880013""","Grade   8",13.6
"Achievement First Hartford Academy Inc. District","=""2880013""","Grade   9","*"
"Achievement First Hartford Academy Inc. District","=""2880013""","Grade 10","*"
"Achievement First Hartford Academy Inc. District","=""2880013""","Grade 11","*"
"Achievement First Hartford Academy Inc. District","=""2880013""","Grade 12","*"
"Achievement First Hartford Academy Inc. District","=""2880013""","Hispanic/Latino of any race",17.4
"Achievement First Hartford Academy Inc. District","=""2880013""","Male",9.4
"Achievement First Hartford Academy Inc. District","=""2880013""","Native Hawaiian or Other Pacific Islander","*"
"Achievement First Hartford Academy Inc. District","=""2880013""","Non-ELL",9.9
"Achievement First Hartford Academy Inc. District","=""2880013""","Non-Special Education",9.0
"Achievement First Hartford Academy Inc. District","=""2880013""","Special Education",19.2
"Achievement First Hartford Academy Inc. District","=""2880013""","Two or More Races","*"
"Achievement First Hartford Academy Inc. District","=""2880013""","White","*"
"Amistad Academy District","=""2790013""","Kindergarten","*"
"Amistad Academy District","=""2790013""","American Indian or Alaska Native","*"
"Amistad Academy District","=""2790013""","Black or African American",4.5
"Amistad Academy District","=""2790013""","District",5.3
"Amistad Academy District","=""2790013""","ELL","*"
"Amistad Academy District","=""2790013""","Eligible For Free Lunch",7.1
"Amistad Academy District","=""2790013""","Female",5.0
"Amistad Academy District","=""2790013""","Grade   1","*"
"Amistad Academy District","=""2790013""","Grade   2","*"
"Amistad Academy District","=""2790013""","Grade   3","*"
"Amistad Academy District","=""2790013""","Grade   4","*"
"Amistad Academy District","=""2790013""","Grade   5",7.4
"Amistad Academy District","=""2790013""","Grade   6",8.8
"Amistad Academy District","=""2790013""","Grade   7",8.8
"Amistad Academy District","=""2790013""","Grade   8","*"
"Amistad Academy District","=""2790013""","Grade   9",9.2
"Amistad Academy District","=""2790013""","Grade 10","*"
"Amistad Academy District","=""2790013""","Grade 11","*"
"Amistad Academy District","=""2790013""","Grade 12","*"
"Amistad Academy District","=""2790013""","Hispanic/Latino of any race",5.9
"Amistad Academy District","=""2790013""","Male",5.7
"Amistad Academy District","=""2790013""","Non-ELL",5.4
"Amistad Academy District","=""2790013""","Non-Special Education",4.2
"Amistad Academy District","=""2790013""","Special Education",25.0
"Amistad Academy District","=""2790013""","Two or More Races","*"
"Amistad Academy District","=""2790013""","White","*"
"Amistad Academy District","=""2790013""","Eligible For Reduced Lunch","*"
"Amistad Academy District","=""2790013""","Not Eligible For Lunch","*"
"Andover School District","=""0010011""","Kindergarten",0.0
"Andover School District","=""0010011""","Asian","*"
"Andover School District","=""0010011""","Black or African American","*"
"Andover School District","=""0010011""","District","*"
"Andover School District","=""0010011""","ELL","*"
"Andover School District","=""0010011""","Eligible For Free Lunch","*"
"Andover School District","=""0010011""","Female","*"
"Andover School District","=""0010011""","Grade   1",0.0
"Andover School District","=""0010011""","Grade   2","*"
"Andover School District","=""0010011""","Grade   3","*"
"Andover School District","=""0010011""","Grade   4",0.0
"Andover School District","=""0010011""","Grade   5","*"
"Andover School District","=""0010011""","Grade   6","*"
"Andover School District","=""0010011""","Hispanic/Latino of any race","*"
"Andover School District","=""0010011""","Male","*"
"Andover School District","=""0010011""","Non-ELL","*"
"Andover School District","=""0010011""","Non-Special Education","*"
"Andover School District","=""0010011""","Special Education","*"
"Andover School District","=""0010011""","Two or More Races","*"
"Andover School District","=""0010011""","White","*"
"Andover School District","=""0010011""","Eligible For Reduced Lunch","*"
"Andover School District","=""0010011""","Not Eligible For Lunch","*"
"Ansonia School District","=""0020011""","Kindergarten",16.5
"Ansonia School District","=""0020011""","American Indian or Alaska Native","*"
"Ansonia School District","=""0020011""","Asian","*"
"Ansonia School District","=""0020011""","Black or African American",18.9
"Ansonia School District","=""0020011""","District",14.5
"Ansonia School District","=""0020011""","ELL",21.7
"Ansonia School District","=""0020011""","Eligible For Free Lunch",18.7
"Ansonia School District","=""0020011""","Female",13.4
"Ansonia School District","=""0020011""","Grade   1",13.8
"Ansonia School District","=""0020011""","Grade   2",12.9
"Ansonia School District","=""0020011""","Grade   3",10.3
"Ansonia School District","=""0020011""","Grade   4",8.9
"Ansonia School District","=""0020011""","Grade   5",10.6
"Ansonia School District","=""0020011""","Grade   6",10.1
"Ansonia School District","=""0020011""","Grade   7",17.4
"Ansonia School District","=""0020011""","Grade   8",12.5
"Ansonia School District","=""0020011""","Grade   9",17.9
"Ansonia School District","=""0020011""","Grade 10",19.2
"Ansonia School District","=""0020011""","Grade 11",18.2
"Ansonia School District","=""0020011""","Grade 12",22.8
"Ansonia School District","=""0020011""","Hispanic/Latino of any race",14.7
"Ansonia School District","=""0020011""","Male",15.5
"Ansonia School District","=""0020011""","Native Hawaiian or Other Pacific Islander","*"
"Ansonia School District","=""0020011""","Non-ELL",14.3
"Ansonia School District","=""0020011""","Non-Special Education",14.0
"Ansonia School District","=""0020011""","Special Education",16.8
"Ansonia School District","=""0020011""","Two or More Races",14.3
"Ansonia School District","=""0020011""","White",12.9
"Ansonia School District","=""0020011""","Eligible For Reduced Lunch",9.3
"Ansonia School District","=""0020011""","Not Eligible For Lunch",8.4
"Area Cooperative Educational Services","=""2440014""","Kindergarten",12.9
"Area Cooperative Educational Services","=""2440014""","American Indian or Alaska Native","*"
"Area Cooperative Educational Services","=""2440014""","Asian",13.7
"Area Cooperative Educational Services","=""2440014""","Black or African American",17.4
"Area Cooperative Educational Services","=""2440014""","District",18.2
"Area Cooperative Educational Services","=""2440014""","ELL",21.1
"Area Cooperative Educational Services","=""2440014""","Eligible For Free Lunch",26.4
"Area Cooperative Educational Services","=""2440014""","Female",15.5
"Area Cooperative Educational Services","=""2440014""","Grade   1",7.1
"Area Cooperative Educational Services","=""2440014""","Grade   2",11.3
"Area Cooperative Educational Services","=""2440014""","Grade   3",6.7
"Area Cooperative Educational Services","=""2440014""","Grade   4",17.2
"Area Cooperative Educational Services","=""2440014""","Grade   5",20.0
"Area Cooperative Educational Services","=""2440014""","Grade   6",10.2
"Area Cooperative Educational Services","=""2440014""","Grade   7",13.1
"Area Cooperative Educational Services","=""2440014""","Grade   8",17.2
"Area Cooperative Educational Services","=""2440014""","Grade   9",48.0
"Area Cooperative Educational Services","=""2440014""","Grade 10",49.0
"Area Cooperative Educational Services","=""2440014""","Grade 11",47.5
"Area Cooperative Educational Services","=""2440014""","Grade 12",46.6
"Area Cooperative Educational Services","=""2440014""","Hispanic/Latino of any race",22.1
"Area Cooperative Educational Services","=""2440014""","Male",20.1
"Area Cooperative Educational Services","=""2440014""","Native Hawaiian or Other Pacific Islander","*"
"Area Cooperative Educational Services","=""2440014""","Non-ELL",18.1
"Area Cooperative Educational Services","=""2440014""","Non-Special Education",8.9
"Area Cooperative Educational Services","=""2440014""","Special Education",32.4
"Area Cooperative Educational Services","=""2440014""","Two or More Races",14.5
"Area Cooperative Educational Services","=""2440014""","White",15.6
"Area Cooperative Educational Services","=""2440014""","Eligible For Reduced Lunch",4.8
"Area Cooperative Educational Services","=""2440014""","Not Eligible For Lunch",5.2
"Ashford School District","=""0030011""","Kindergarten","*"
"Ashford School District","=""0030011""","Asian","*"
"Ashford School District","=""0030011""","Black or African American","*"
"Ashford School District","=""0030011""","District",5.1
"Ashford School District","=""0030011""","ELL","*"
"Ashford School District","=""0030011""","Eligible For Free Lunch",5.5
"Ashford School District","=""0030011""","Female",5.1
"Ashford School District","=""0030011""","Grade   1","*"
"Ashford School District","=""0030011""","Grade   2",14.0
"Ashford School District","=""0030011""","Grade   3","*"
"Ashford School District","=""0030011""","Grade   4","*"
"Ashford School District","=""0030011""","Grade   5",0.0
"Ashford School District","=""0030011""","Grade   6","*"
"Ashford School District","=""0030011""","Grade   7","*"
"Ashford School District","=""0030011""","Grade   8",0.0
"Ashford School District","=""0030011""","Hispanic/Latino of any race","*"
"Ashford School District","=""0030011""","Male",5.2
"Ashford School District","=""0030011""","Non-ELL",4.9
"Ashford School District","=""0030011""","Non-Special Education",4.9
"Ashford School District","=""0030011""","Special Education","*"
"Ashford School District","=""0030011""","Two or More Races","*"
"Ashford School District","=""0030011""","White",4.7
"Ashford School District","=""0030011""","Eligible For Reduced Lunch","*"
"Ashford School District","=""0030011""","Not Eligible For Lunch",3.9
"Avon School District","=""0040011""","Kindergarten",13.0
"Avon School District","=""0040011""","American Indian or Alaska Native","*"
"Avon School District","=""0040011""","Asian",2.7
"Avon School District","=""0040011""","Black or African American",15.6
"Avon School District","=""0040011""","District",4.5
"Avon School District","=""0040011""","ELL",5.1
"Avon School District","=""0040011""","Eligible For Free Lunch",20.7
"Avon School District","=""0040011""","Female",4.6
"Avon School District","=""0040011""","Grade   1",6.5
"Avon School District","=""0040011""","Grade   2","*"
"Avon School District","=""0040011""","Grade   3","*"
"Avon School District","=""0040011""","Grade   4",2.7
"Avon School District","=""0040011""","Grade   5",3.3
"Avon School District","=""0040011""","Grade   6",2.9
"Avon School District","=""0040011""","Grade   7",2.2
"Avon School District","=""0040011""","Grade   8",4.3
"Avon School District","=""0040011""","Grade   9",5.8
"Avon School District","=""0040011""","Grade 10",5.6
"Avon School District","=""0040011""","Grade 11",5.2
"Avon School District","=""0040011""","Grade 12",4.9
"Avon School District","=""0040011""","Hispanic/Latino of any race",6.1
"Avon School District","=""0040011""","Male",4.4
"Avon School District","=""0040011""","Native Hawaiian or Other Pacific Islander","*"
"Avon School District","=""0040011""","Non-ELL",4.5
"Avon School District","=""0040011""","Non-Special Education",4.2
"Avon School District","=""0040011""","Special Education",7.0
"Avon School District","=""0040011""","Two or More Races",6.6
"Avon School District","=""0040011""","White",3.9
"Avon School District","=""0040011""","Eligible For Reduced Lunch","*"
"Avon School District","=""0040011""","Not Eligible For Lunch",3.7
"Barkhamsted School District","=""0050011""","Kindergarten","*"
"Barkhamsted School District","=""0050011""","Asian","*"
"Barkhamsted School District","=""0050011""","Black or African American","*"
"Barkhamsted School District","=""0050011""","District",4.2
"Barkhamsted School District","=""0050011""","Eligible For Free Lunch","*"
"Barkhamsted School District","=""0050011""","Female",5.3
"Barkhamsted School District","=""0050011""","Grade   1","*"
"Barkhamsted School District","=""0050011""","Grade   2","*"
"Barkhamsted School District","=""0050011""","Grade   3","*"
"Barkhamsted School District","=""0050011""","Grade   4","*"
"Barkhamsted School District","=""0050011""","Grade   5","*"
"Barkhamsted School District","=""0050011""","Grade   6",0.0
"Barkhamsted School District","=""0050011""","Hispanic/Latino of any race","*"
"Barkhamsted School District","=""0050011""","Male","*"
"Barkhamsted School District","=""0050011""","Non-ELL",4.2
"Barkhamsted School District","=""0050011""","Non-Special Education",3.3
"Barkhamsted School District","=""0050011""","Special Education","*"
"Barkhamsted School District","=""0050011""","Two or More Races","*"
"Barkhamsted School District","=""0050011""","White",4.3
"Barkhamsted School District","=""0050011""","Eligible For Reduced Lunch","*"
"Barkhamsted School District","=""0050011""","Not Eligible For Lunch",3.0
"Berlin School District","=""0070011""","Kindergarten","*"
"Berlin School District","=""0070011""","American Indian or Alaska Native","*"
"Berlin School District","=""0070011""","Asian","*"
"Berlin School District","=""0070011""","Black or African American",11.1
"Berlin School District","=""0070011""","District",3.7
"Berlin School District","=""0070011""","ELL","*"
"Berlin School District","=""0070011""","Eligible For Free Lunch",14.5
"Berlin School District","=""0070011""","Female",3.8
"Berlin School District","=""0070011""","Grade   1","*"
"Berlin School District","=""0070011""","Grade   2","*"
"Berlin School District","=""0070011""","Grade   3","*"
"Berlin School District","=""0070011""","Grade   4",3.2
"Berlin School District","=""0070011""","Grade   5",2.4
"Berlin School District","=""0070011""","Grade   6","*"
"Berlin School District","=""0070011""","Grade   7",2.8
"Berlin School District","=""0070011""","Grade   8",3.7
"Berlin School District","=""0070011""","Grade   9",3.8
"Berlin School District","=""0070011""","Grade 10",4.1
"Berlin School District","=""0070011""","Grade 11",8.4
"Berlin School District","=""0070011""","Grade 12",7.7
"Berlin School District","=""0070011""","Hispanic/Latino of any race",10.7
"Berlin School District","=""0070011""","Male",3.5
"Berlin School District","=""0070011""","Native Hawaiian or Other Pacific Islander","*"
"Berlin School District","=""0070011""","Non-ELL",3.7
"Berlin School District","=""0070011""","Non-Special Education",2.6
"Berlin School District","=""0070011""","Special Education",11.4
"Berlin School District","=""0070011""","Two or More Races","*"
"Berlin School District","=""0070011""","White",2.8
"Berlin School District","=""0070011""","Eligible For Reduced Lunch","*"
"Berlin School District","=""0070011""","Not Eligible For Lunch",2.4
"Bethany School District","=""0080011""","Kindergarten","*"
"Bethany School District","=""0080011""","American Indian or Alaska Native","*"
"Bethany School District","=""0080011""","Asian","*"
"Bethany School District","=""0080011""","Black or African American","*"
"Bethany School District","=""0080011""","District",5.2
"Bethany School District","=""0080011""","ELL","*"
"Bethany School District","=""0080011""","Eligible For Free Lunch",25.9
"Bethany School District","=""0080011""","Female",4.9
"Bethany School District","=""0080011""","Grade   1","*"
"Bethany School District","=""0080011""","Grade   2","*"
"Bethany School District","=""0080011""","Grade   3","*"
"Bethany School District","=""0080011""","Grade   4","*"
"Bethany School District","=""0080011""","Grade   5",0.0
"Bethany School District","=""0080011""","Grade   6",11.1
"Bethany School District","=""0080011""","Hispanic/Latino of any race","*"
"Bethany School District","=""0080011""","Male",5.4
"Bethany School District","=""0080011""","Non-ELL",5.2
"Bethany School District","=""0080011""","Non-Special Education",3.5
"Bethany School District","=""0080011""","Special Education",14.8
"Bethany School District","=""0080011""","Two or More Races","*"
"Bethany School District","=""0080011""","White",5.0
"Bethany School District","=""0080011""","Eligible For Reduced Lunch","*"
"Bethany School District","=""0080011""","Not Eligible For Lunch",3.6
"Bethel School District","=""0090011""","Kindergarten",4.0
"Bethel School District","=""0090011""","American Indian or Alaska Native","*"
"Bethel School District","=""0090011""","Asian",5.8
"Bethel School District","=""0090011""","Black or African American",12.3
"Bethel School District","=""0090011""","District",7.0
"Bethel School District","=""0090011""","ELL",11.0
"Bethel School District","=""0090011""","Eligible For Free Lunch",15.2
"Bethel School District","=""0090011""","Female",6.3
"Bethel School District","=""0090011""","Grade   1","*"
"Bethel School District","=""0090011""","Grade   2",2.6
"Bethel School District","=""0090011""","Grade   3",3.1
"Bethel School District","=""0090011""","Grade   4",13.6
"Bethel School District","=""0090011""","Grade   5",14.4
"Bethel School District","=""0090011""","Grade   6",4.2
"Bethel School District","=""0090011""","Grade   7",2.8
"Bethel School District","=""0090011""","Grade   8",4.5
"Bethel School District","=""0090011""","Grade   9",6.7
"Bethel School District","=""0090011""","Grade 10",6.1
"Bethel School District","=""0090011""","Grade 11",12.1
"Bethel School District","=""0090011""","Grade 12",13.7
"Bethel School District","=""0090011""","Hispanic/Latino of any race",6.3
"Bethel School District","=""0090011""","Male",7.6
"Bethel School District","=""0090011""","Native Hawaiian or Other Pacific Islander","*"
"Bethel School District","=""0090011""","Non-ELL",6.8
"Bethel School District","=""0090011""","Non-Special Education",5.9
"Bethel School District","=""0090011""","Special Education",15.8
"Bethel School District","=""0090011""","Two or More Races",8.3
"Bethel School District","=""0090011""","White",7.0
"Bethel School District","=""0090011""","Eligible For Reduced Lunch",5.0
"Bethel School District","=""0090011""","Not Eligible For Lunch",5.5
"Bloomfield School District","=""0110011""","Kindergarten",10.7
"Bloomfield School District","=""0110011""","American Indian or Alaska Native","*"
"Bloomfield School District","=""0110011""","Asian","*"
"Bloomfield School District","=""0110011""","Black or African American",7.5
"Bloomfield School District","=""0110011""","District",8.9
"Bloomfield School District","=""0110011""","ELL","*"
"Bloomfield School District","=""0110011""","Eligible For Free Lunch",13.0
"Bloomfield School District","=""0110011""","Female",7.3
"Bloomfield School District","=""0110011""","Grade   1",4.9
"Bloomfield School District","=""0110011""","Grade   2",14.0
"Bloomfield School District","=""0110011""","Grade   3",4.1
"Bloomfield School District","=""0110011""","Grade   4",7.0
"Bloomfield School District","=""0110011""","Grade   5",6.3
"Bloomfield School District","=""0110011""","Grade   6","*"
"Bloomfield School District","=""0110011""","Grade   7",6.7
"Bloomfield School District","=""0110011""","Grade   8",7.6
"Bloomfield School District","=""0110011""","Grade   9",12.1
"Bloomfield School District","=""0110011""","Grade 10",13.9
"Bloomfield School District","=""0110011""","Grade 11",12.8
"Bloomfield School District","=""0110011""","Grade 12",8.1
"Bloomfield School District","=""0110011""","Hispanic/Latino of any race",16.7
"Bloomfield School District","=""0110011""","Male",10.4
"Bloomfield School District","=""0110011""","Native Hawaiian or Other Pacific Islander","*"
"Bloomfield School District","=""0110011""","Non-ELL",8.8
"Bloomfield School District","=""0110011""","Non-Special Education",7.7
"Bloomfield School District","=""0110011""","Special Education",15.3
"Bloomfield School District","=""0110011""","Two or More Races","*"
"Bloomfield School District","=""0110011""","White",13.2
"Bloomfield School District","=""0110011""","Eligible For Reduced Lunch",5.2
"Bloomfield School District","=""0110011""","Not Eligible For Lunch",5.6
"Bolton School District","=""0120011""","Kindergarten","*"
"Bolton School District","=""0120011""","Asian","*"
"Bolton School District","=""0120011""","Black or African American",11.1
"Bolton School District","=""0120011""","District",3.3
"Bolton School District","=""0120011""","ELL","*"
"Bolton School District","=""0120011""","Eligible For Free Lunch",15.2
"Bolton School District","=""0120011""","Female",4.7
"Bolton School District","=""0120011""","Grade   1","*"
"Bolton School District","=""0120011""","Grade   2","*"
"Bolton School District","=""0120011""","Grade   3","*"
"Bolton School District","=""0120011""","Grade   4","*"
"Bolton School District","=""0120011""","Grade   5","*"
"Bolton School District","=""0120011""","Grade   6","*"
"Bolton School District","=""0120011""","Grade   7","*"
"Bolton School District","=""0120011""","Grade   8","*"
"Bolton School District","=""0120011""","Grade   9",0.0
"Bolton School District","=""0120011""","Grade 10","*"
"Bolton School District","=""0120011""","Grade 11","*"
"Bolton School District","=""0120011""","Grade 12","*"
"Bolton School District","=""0120011""","Hispanic/Latino of any race","*"
"Bolton School District","=""0120011""","Male",1.8
"Bolton School District","=""0120011""","Non-ELL",3.3
"Bolton School District","=""0120011""","Non-Special Education",2.8
"Bolton School District","=""0120011""","Special Education",7.0
"Bolton School District","=""0120011""","Two or More Races","*"
"Bolton School District","=""0120011""","White",2.1
"Bolton School District","=""0120011""","Eligible For Reduced Lunch","*"
"Bolton School District","=""0120011""","Not Eligible For Lunch",1.7
"Booker T. Washington Academy District","=""2950013""","Kindergarten",27.6
"Booker T. Washington Academy District","=""2950013""","Black or African American",20.1
"Booker T. Washington Academy District","=""2950013""","District",20.2
"Booker T. Washington Academy District","=""2950013""","Eligible For Free Lunch",21.9
"Booker T. Washington Academy District","=""2950013""","Female",23.1
"Booker T. Washington Academy District","=""2950013""","Grade   1",18.4
"Booker T. Washington Academy District","=""2950013""","Grade   2","*"
"Booker T. Washington Academy District","=""2950013""","Hispanic/Latino of any race","*"
"Booker T. Washington Academy District","=""2950013""","Male",18.0
"Booker T. Washington Academy District","=""2950013""","Non-ELL",20.2
"Booker T. Washington Academy District","=""2950013""","Non-Special Education",19.4
"Booker T. Washington Academy District","=""2950013""","Special Education","*"
"Booker T. Washington Academy District","=""2950013""","Two or More Races","*"
"Booker T. Washington Academy District","=""2950013""","White","*"
"Booker T. Washington Academy District","=""2950013""","Eligible For Reduced Lunch","*"
"Booker T. Washington Academy District","=""2950013""","Not Eligible For Lunch","*"
"Bozrah School District","=""0130011""","Kindergarten","*"
"Bozrah School District","=""0130011""","Asian","*"
"Bozrah School District","=""0130011""","Black or African American","*"
"Bozrah School District","=""0130011""","District",5.4
"Bozrah School District","=""0130011""","ELL","*"
"Bozrah School District","=""0130011""","Eligible For Free Lunch","*"
"Bozrah School District","=""0130011""","Female","*"
"Bozrah School District","=""0130011""","Grade   1","*"
"Bozrah School District","=""0130011""","Grade   2","*"
"Bozrah School District","=""0130011""","Grade   3","*"
"Bozrah School District","=""0130011""","Grade   4",0.0
"Bozrah School District","=""0130011""","Grade   5","*"
"Bozrah School District","=""0130011""","Grade   6",0.0
"Bozrah School District","=""0130011""","Grade   7","*"
"Bozrah School District","=""0130011""","Grade   8","*"
"Bozrah School District","=""0130011""","Grade 12","*"
"Bozrah School District","=""0130011""","Hispanic/Latino of any race","*"
"Bozrah School District","=""0130011""","Male",8.2
"Bozrah School District","=""0130011""","Native Hawaiian or Other Pacific Islander","*"
"Bozrah School District","=""0130011""","Non-ELL",5.5
"Bozrah School District","=""0130011""","Non-Special Education","*"
"Bozrah School District","=""0130011""","Special Education","*"
"Bozrah School District","=""0130011""","Two or More Races","*"
"Bozrah School District","=""0130011""","White",5.5
"Bozrah School District","=""0130011""","Eligible For Reduced Lunch","*"
"Bozrah School District","=""0130011""","Not Eligible For Lunch",6.1
"Branford School District","=""0140011""","Kindergarten",11.6
"Branford School District","=""0140011""","American Indian or Alaska Native","*"
"Branford School District","=""0140011""","Asian",3.9
"Branford School District","=""0140011""","Black or African American",7.6
"Branford School District","=""0140011""","District",9.4
"Branford School District","=""0140011""","ELL",8.9
"Branford School District","=""0140011""","Eligible For Free Lunch",17.6
"Branford School District","=""0140011""","Female",9.7
"Branford School District","=""0140011""","Grade   1",6.8
"Branford School District","=""0140011""","Grade   2",3.3
"Branford School District","=""0140011""","Grade   3",4.6
"Branford School District","=""0140011""","Grade   4",7.3
"Branford School District","=""0140011""","Grade   5",4.8
"Branford School District","=""0140011""","Grade   6",6.7
"Branford School District","=""0140011""","Grade   7",8.4
"Branford School District","=""0140011""","Grade   8",9.1
"Branford School District","=""0140011""","Grade   9",10.7
"Branford School District","=""0140011""","Grade 10",11.3
"Branford School District","=""0140011""","Grade 11",15.4
"Branford School District","=""0140011""","Grade 12",19.8
"Branford School District","=""0140011""","Hispanic/Latino of any race",8.9
"Branford School District","=""0140011""","Male",9.2
"Branford School District","=""0140011""","Non-ELL",9.4
"Branford School District","=""0140011""","Non-Special Education",8.2
"Branford School District","=""0140011""","Special Education",17.3
"Branford School District","=""0140011""","Two or More Races",17.5
"Branford School District","=""0140011""","White",9.9
"Branford School District","=""0140011""","Eligible For Reduced Lunch",12.6
"Branford School District","=""0140011""","Not Eligible For Lunch",6.8
"Brass City Charter School District","=""2900013""","Kindergarten","*"
"Brass City Charter School District","=""2900013""","Asian","*"
"Brass City Charter School District","=""2900013""","Black or African American","*"
"Brass City Charter School District","=""2900013""","District",7.4
"Brass City Charter School District","=""2900013""","Eligible For Free Lunch",9.3
"Brass City Charter School District","=""2900013""","Female",7.8
"Brass City Charter School District","=""2900013""","Grade   1","*"
"Brass City Charter School District","=""2900013""","Grade   2","*"
"Brass City Charter School District","=""2900013""","Grade   3","*"
"Brass City Charter School District","=""2900013""","Hispanic/Latino of any race","*"
"Brass City Charter School District","=""2900013""","Male","*"
"Brass City Charter School District","=""2900013""","Non-ELL",7.4
"Brass City Charter School District","=""2900013""","Non-Special Education",8.1
"Brass City Charter School District","=""2900013""","Special Education","*"
"Brass City Charter School District","=""2900013""","Two or More Races","*"
"Brass City Charter School District","=""2900013""","White","*"
"Brass City Charter School District","=""2900013""","Eligible For Reduced Lunch","*"
"Brass City Charter School District","=""2900013""","Not Eligible For Lunch","*"
"Bridgeport Achievement First District","=""2850013""","Kindergarten","*"
"Bridgeport Achievement First District","=""2850013""","American Indian or Alaska Native","*"
"Bridgeport Achievement First District","=""2850013""","Asian","*"
"Bridgeport Achievement First District","=""2850013""","Black or African American",4.5
"Bridgeport Achievement First District","=""2850013""","District",4.7
"Bridgeport Achievement First District","=""2850013""","ELL",5.7
"Bridgeport Achievement First District","=""2850013""","Eligible For Free Lunch",5.7
"Bridgeport Achievement First District","=""2850013""","Female",4.9
"Bridgeport Achievement First District","=""2850013""","Grade   1","*"
"Bridgeport Achievement First District","=""2850013""","Grade   2","*"
"Bridgeport Achievement First District","=""2850013""","Grade   3","*"
"Bridgeport Achievement First District","=""2850013""","Grade   4","*"
"Bridgeport Achievement First District","=""2850013""","Grade   5","*"
"Bridgeport Achievement First District","=""2850013""","Grade   6","*"
"Bridgeport Achievement First District","=""2850013""","Grade   7","*"
"Bridgeport Achievement First District","=""2850013""","Grade   8",7.8
"Bridgeport Achievement First District","=""2850013""","Grade   9","*"
"Bridgeport Achievement First District","=""2850013""","Grade 10",14.0
"Bridgeport Achievement First District","=""2850013""","Grade 11","*"
"Bridgeport Achievement First District","=""2850013""","Grade 12","*"
"Bridgeport Achievement First District","=""2850013""","Hispanic/Latino of any race",4.9
"Bridgeport Achievement First District","=""2850013""","Male",4.4
"Bridgeport Achievement First District","=""2850013""","Non-ELL",4.5
"Bridgeport Achievement First District","=""2850013""","Non-Special Education",3.8
"Bridgeport Achievement First District","=""2850013""","Special Education",13.5
"Bridgeport Achievement First District","=""2850013""","Two or More Races","*"
"Bridgeport Achievement First District","=""2850013""","White","*"
"Bridgeport Achievement First District","=""2850013""","Eligible For Reduced Lunch",0.0
"Bridgeport Achievement First District","=""2850013""","Not Eligible For Lunch",3.7
"Bridgeport School District","=""0150011""","Kindergarten",18.8
"Bridgeport School District","=""0150011""","American Indian or Alaska Native",12.9
"Bridgeport School District","=""0150011""","Asian",6.9
"Bridgeport School District","=""0150011""","Black or African American",16.3
"Bridgeport School District","=""0150011""","District",17.4
"Bridgeport School District","=""0150011""","ELL",16.2
"Bridgeport School District","=""0150011""","Eligible For Free Lunch",17.4
"Bridgeport School District","=""0150011""","Female",17.3
"Bridgeport School District","=""0150011""","Grade   1",16.3
"Bridgeport School District","=""0150011""","Grade   2",12.6
"Bridgeport School District","=""0150011""","Grade   3",11.8
"Bridgeport School District","=""0150011""","Grade   4",11.6
"Bridgeport School District","=""0150011""","Grade   5",12.3
"Bridgeport School District","=""0150011""","Grade   6",14.5
"Bridgeport School District","=""0150011""","Grade   7",15.0
"Bridgeport School District","=""0150011""","Grade   8",16.4
"Bridgeport School District","=""0150011""","Grade   9",27.3
"Bridgeport School District","=""0150011""","Grade 10",25.4
"Bridgeport School District","=""0150011""","Grade 11",25.1
"Bridgeport School District","=""0150011""","Grade 12",25.0
"Bridgeport School District","=""0150011""","Hispanic/Latino of any race",19.3
"Bridgeport School District","=""0150011""","Male",17.4
"Bridgeport School District","=""0150011""","Native Hawaiian or Other Pacific Islander","*"
"Bridgeport School District","=""0150011""","Non-ELL",17.5
"Bridgeport School District","=""0150011""","Non-Special Education",15.7
"Bridgeport School District","=""0150011""","Special Education",25.9
"Bridgeport School District","=""0150011""","Two or More Races",18.5
"Bridgeport School District","=""0150011""","White",15.2
"Bristol School District","=""0170011""","Kindergarten",10.1
"Bristol School District","=""0170011""","American Indian or Alaska Native","*"
"Bristol School District","=""0170011""","Asian",4.4
"Bristol School District","=""0170011""","Black or African American",11.1
"Bristol School District","=""0170011""","District",8.7
"Bristol School District","=""0170011""","ELL",10.8
"Bristol School District","=""0170011""","Eligible For Free Lunch",15.7
"Bristol School District","=""0170011""","Female",8.6
"Bristol School District","=""0170011""","Grade   1",4.2
"Bristol School District","=""0170011""","Grade   2",6.7
"Bristol School District","=""0170011""","Grade   3",4.8
"Bristol School District","=""0170011""","Grade   4",4.9
"Bristol School District","=""0170011""","Grade   5",4.6
"Bristol School District","=""0170011""","Grade   6",6.2
"Bristol School District","=""0170011""","Grade   7",10.0
"Bristol School District","=""0170011""","Grade   8",9.6
"Bristol School District","=""0170011""","Grade   9",14.9
"Bristol School District","=""0170011""","Grade 10",12.4
"Bristol School District","=""0170011""","Grade 11",10.0
"Bristol School District","=""0170011""","Grade 12",14.1
"Bristol School District","=""0170011""","Hispanic/Latino of any race",12.8
"Bristol School District","=""0170011""","Male",8.8
"Bristol School District","=""0170011""","Native Hawaiian or Other Pacific Islander","*"
"Bristol School District","=""0170011""","Non-ELL",8.6
"Bristol School District","=""0170011""","Non-Special Education",6.9
"Bristol School District","=""0170011""","Special Education",16.6
"Bristol School District","=""0170011""","Two or More Races",12.1
"Bristol School District","=""0170011""","White",6.9
"Bristol School District","=""0170011""","Eligible For Reduced Lunch",6.1
"Bristol School District","=""0170011""","Not Eligible For Lunch",3.8
"Brookfield School District","=""0180011""","Kindergarten",4.2
"Brookfield School District","=""0180011""","American Indian or Alaska Native","*"
"Brookfield School District","=""0180011""","Asian","*"
"Brookfield School District","=""0180011""","Black or African American",0.0
"Brookfield School District","=""0180011""","District",2.2
"Brookfield School District","=""0180011""","ELL","*"
"Brookfield School District","=""0180011""","Eligible For Free Lunch",3.5
"Brookfield School District","=""0180011""","Female",2.3
"Brookfield School District","=""0180011""","Grade   1","*"
"Brookfield School District","=""0180011""","Grade   2","*"
"Brookfield School District","=""0180011""","Grade   3","*"
"Brookfield School District","=""0180011""","Grade   4","*"
"Brookfield School District","=""0180011""","Grade   5","*"
"Brookfield School District","=""0180011""","Grade   6",2.6
"Brookfield School District","=""0180011""","Grade   7",3.3
"Brookfield School District","=""0180011""","Grade   8",4.0
"Brookfield School District","=""0180011""","Grade   9",0.0
"Brookfield School District","=""0180011""","Grade 10","*"
"Brookfield School District","=""0180011""","Grade 11",0.0
"Brookfield School District","=""0180011""","Grade 12",2.7
"Brookfield School District","=""0180011""","Hispanic/Latino of any race","*"
"Brookfield School District","=""0180011""","Male",2.1
"Brookfield School District","=""0180011""","Native Hawaiian or Other Pacific Islander","*"
"Brookfield School District","=""0180011""","Non-ELL",2.2
"Brookfield School District","=""0180011""","Non-Special Education",2.0
"Brookfield School District","=""0180011""","Special Education",4.0
"Brookfield School District","=""0180011""","Two or More Races","*"
"Brookfield School District","=""0180011""","White",2.3
"Brookfield School District","=""0180011""","Eligible For Reduced Lunch","*"
"Brookfield School District","=""0180011""","Not Eligible For Lunch",2.1
"Brooklyn School District","=""0190011""","Kindergarten","*"
"Brooklyn School District","=""0190011""","American Indian or Alaska Native","*"
"Brooklyn School District","=""0190011""","Asian","*"
"Brooklyn School District","=""0190011""","Black or African American","*"
"Brooklyn School District","=""0190011""","District",2.4
"Brooklyn School District","=""0190011""","ELL","*"
"Brooklyn School District","=""0190011""","Eligible For Free Lunch",4.6
"Brooklyn School District","=""0190011""","Female",3.6
"Brooklyn School District","=""0190011""","Grade   1","*"
"Brooklyn School District","=""0190011""","Grade   2","*"
"Brooklyn School District","=""0190011""","Grade   3","*"
"Brooklyn School District","=""0190011""","Grade   4",0.0
"Brooklyn School District","=""0190011""","Grade   5","*"
"Brooklyn School District","=""0190011""","Grade   6","*"
"Brooklyn School District","=""0190011""","Grade   7","*"
"Brooklyn School District","=""0190011""","Grade   8","*"
"Brooklyn School District","=""0190011""","Grade 10","*"
"Brooklyn School District","=""0190011""","Grade 11","*"
"Brooklyn School District","=""0190011""","Grade 12","*"
"Brooklyn School District","=""0190011""","Hispanic/Latino of any race","*"
"Brooklyn School District","=""0190011""","Male","*"
"Brooklyn School District","=""0190011""","Native Hawaiian or Other Pacific Islander","*"
"Brooklyn School District","=""0190011""","Non-ELL",2.4
"Brooklyn School District","=""0190011""","Non-Special Education",2.3
"Brooklyn School District","=""0190011""","Special Education","*"
"Brooklyn School District","=""0190011""","Two or More Races","*"
"Brooklyn School District","=""0190011""","White",2.4
"Brooklyn School District","=""0190011""","Eligible For Reduced Lunch","*"
"Brooklyn School District","=""0190011""","Not Eligible For Lunch",1.5
"Canaan School District","=""0210011""","Kindergarten","*"
"Canaan School District","=""0210011""","District",9.2
"Canaan School District","=""0210011""","ELL","*"
"Canaan School District","=""0210011""","Eligible For Free Lunch","*"
"Canaan School District","=""0210011""","Female","*"
"Canaan School District","=""0210011""","Grade   1","*"
"Canaan School District","=""0210011""","Grade   2","*"
"Canaan School District","=""0210011""","Grade   3","*"
"Canaan School District","=""0210011""","Grade   4","*"
"Canaan School District","=""0210011""","Grade   5","*"
"Canaan School District","=""0210011""","Grade   6","*"
"Canaan School District","=""0210011""","Grade   7","*"
"Canaan School District","=""0210011""","Grade   8","*"
"Canaan School District","=""0210011""","Hispanic/Latino of any race","*"
"Canaan School District","=""0210011""","Male","*"
"Canaan School District","=""0210011""","Non-ELL",8.2
"Canaan School District","=""0210011""","Non-Special Education",10.3
"Canaan School District","=""0210011""","Special Education","*"
"Canaan School District","=""0210011""","White",8.6
"Canaan School District","=""0210011""","Not Eligible For Lunch",10.3
"Canterbury School District","=""0220011""","Kindergarten","*"
"Canterbury School District","=""0220011""","Asian","*"
"Canterbury School District","=""0220011""","Black or African American","*"
"Canterbury School District","=""0220011""","District",3.7
"Canterbury School District","=""0220011""","Eligible For Free Lunch",12.5
"Canterbury School District","=""0220011""","Female","*"
"Canterbury School District","=""0220011""","Grade   1","*"
"Canterbury School District","=""0220011""","Grade   2",0.0
"Canterbury School District","=""0220011""","Grade   3",0.0
"Canterbury School District","=""0220011""","Grade   4","*"
"Canterbury School District","=""0220011""","Grade   5","*"
"Canterbury School District","=""0220011""","Grade   6","*"
"Canterbury School District","=""0220011""","Grade   7","*"
"Canterbury School District","=""0220011""","Grade   8","*"
"Canterbury School District","=""0220011""","Grade   9","*"
"Canterbury School District","=""0220011""","Hispanic/Latino of any race","*"
"Canterbury School District","=""0220011""","Male",4.6
"Canterbury School District","=""0220011""","Non-ELL",3.7
"Canterbury School District","=""0220011""","Non-Special Education",2.3
"Canterbury School District","=""0220011""","Special Education",14.0
"Canterbury School District","=""0220011""","Two or More Races","*"
"Canterbury School District","=""0220011""","White",2.8
"Canterbury School District","=""0220011""","Eligible For Reduced Lunch",0.0
"Canterbury School District","=""0220011""","Not Eligible For Lunch",1.8
"Canton School District","=""0230011""","Kindergarten",6.5
"Canton School District","=""0230011""","American Indian or Alaska Native","*"
"Canton School District","=""0230011""","Asian","*"
"Canton School District","=""0230011""","Black or African American",11.1
"Canton School District","=""0230011""","District",5.6
"Canton School District","=""0230011""","ELL","*"
"Canton School District","=""0230011""","Eligible For Free Lunch",16.6
"Canton School District","=""0230011""","Female",6.8
"Canton School District","=""0230011""","Grade   1",8.7
"Canton School District","=""0230011""","Grade   2",6.2
"Canton School District","=""0230011""","Grade   3",8.5
"Canton School District","=""0230011""","Grade   4",5.1
"Canton School District","=""0230011""","Grade   5",5.0
"Canton School District","=""0230011""","Grade   6","*"
"Canton School District","=""0230011""","Grade   7",4.8
"Canton School District","=""0230011""","Grade   8","*"
"Canton School District","=""0230011""","Grade   9",5.5
"Canton School District","=""0230011""","Grade 10",5.5
"Canton School District","=""0230011""","Grade 11",7.6
"Canton School District","=""0230011""","Grade 12",6.6
"Canton School District","=""0230011""","Hispanic/Latino of any race",10.4
"Canton School District","=""0230011""","Male",4.4
"Canton School District","=""0230011""","Non-ELL",5.6
"Canton School District","=""0230011""","Non-Special Education",4.6
"Canton School District","=""0230011""","Special Education",13.9
"Canton School District","=""0230011""","Two or More Races","*"
"Canton School District","=""0230011""","White",4.6
"Canton School District","=""0230011""","Eligible For Reduced Lunch","*"
"Canton School District","=""0230011""","Not Eligible For Lunch",4.4
"Capital Preparatory Harbor School Inc. District","=""2970013""","Asian","*"
"Capital Preparatory Harbor School Inc. District","=""2970013""","Black or African American",14.9
"Capital Preparatory Harbor School Inc. District","=""2970013""","District",13.7
"Capital Preparatory Harbor School Inc. District","=""2970013""","Eligible For Free Lunch",20.0
"Capital Preparatory Harbor School Inc. District","=""2970013""","Female",13.6
"Capital Preparatory Harbor School Inc. District","=""2970013""","Grade   6","*"
"Capital Preparatory Harbor School Inc. District","=""2970013""","Grade   7","*"
"Capital Preparatory Harbor School Inc. District","=""2970013""","Grade   8","*"
"Capital Preparatory Harbor School Inc. District","=""2970013""","Grade   9","*"
"Capital Preparatory Harbor School Inc. District","=""2970013""","Grade 10",21.6
"Capital Preparatory Harbor School Inc. District","=""2970013""","Grade 11",29.6
"Capital Preparatory Harbor School Inc. District","=""2970013""","Grade 12","*"
"Capital Preparatory Harbor School Inc. District","=""2970013""","Hispanic/Latino of any race","*"
"Capital Preparatory Harbor School Inc. District","=""2970013""","Male",13.7
"Capital Preparatory Harbor School Inc. District","=""2970013""","Non-ELL",13.7
"Capital Preparatory Harbor School Inc. District","=""2970013""","Non-Special Education",12.8
"Capital Preparatory Harbor School Inc. District","=""2970013""","Special Education","*"
"Capital Preparatory Harbor School Inc. District","=""2970013""","Two or More Races","*"
"Capital Preparatory Harbor School Inc. District","=""2970013""","White","*"
"Capital Preparatory Harbor School Inc. District","=""2970013""","Eligible For Reduced Lunch","*"
"Capital Preparatory Harbor School Inc. District","=""2970013""","Not Eligible For Lunch",9.4
"Capitol Region Education Council","=""2410014""","Kindergarten",9.8
"Capitol Region Education Council","=""2410014""","American Indian or Alaska Native","*"
"Capitol Region Education Council","=""2410014""","Asian",8.9
"Capitol Region Education Council","=""2410014""","Black or African American",10.9
"Capitol Region Education Council","=""2410014""","District",11.6
"Capitol Region Education Council","=""2410014""","ELL",17.5
"Capitol Region Education Council","=""2410014""","Eligible For Free Lunch",18.0
"Capitol Region Education Council","=""2410014""","Female",13.4
"Capitol Region Education Council","=""2410014""","Grade   1",10.3
"Capitol Region Education Council","=""2410014""","Grade   2",8.3
"Capitol Region Education Council","=""2410014""","Grade   3",5.8
"Capitol Region Education Council","=""2410014""","Grade   4",7.5
"Capitol Region Education Council","=""2410014""","Grade   5",6.9
"Capitol Region Education Council","=""2410014""","Grade   6",6.1
"Capitol Region Education Council","=""2410014""","Grade   7",8.4
"Capitol Region Education Council","=""2410014""","Grade   8",9.6
"Capitol Region Education Council","=""2410014""","Grade   9",15.8
"Capitol Region Education Council","=""2410014""","Grade 10",16.2
"Capitol Region Education Council","=""2410014""","Grade 11",20.5
"Capitol Region Education Council","=""2410014""","Grade 12",25.1
"Capitol Region Education Council","=""2410014""","Hispanic/Latino of any race",15.3
"Capitol Region Education Council","=""2410014""","Male",10.0
"Capitol Region Education Council","=""2410014""","Native Hawaiian or Other Pacific Islander","*"
"Capitol Region Education Council","=""2410014""","Non-ELL",11.3
"Capitol Region Education Council","=""2410014""","Non-Special Education",10.2
"Capitol Region Education Council","=""2410014""","Special Education",17.8
"Capitol Region Education Council","=""2410014""","Two or More Races",13.4
"Capitol Region Education Council","=""2410014""","White",8.4
"Capitol Region Education Council","=""2410014""","Eligible For Reduced Lunch",7.4
"Capitol Region Education Council","=""2410014""","Not Eligible For Lunch",6.2
"Chaplin School District","=""0240011""","Kindergarten","*"
"Chaplin School District","=""0240011""","Black or African American","*"
"Chaplin School District","=""0240011""","District",10.1
"Chaplin School District","=""0240011""","Eligible For Free Lunch",12.7
"Chaplin School District","=""0240011""","Female",12.5
"Chaplin School District","=""0240011""","Grade   1","*"
"Chaplin School District","=""0240011""","Grade   2","*"
"Chaplin School District","=""0240011""","Grade   3",26.1
"Chaplin School District","=""0240011""","Grade   4","*"
"Chaplin School District","=""0240011""","Grade   5",0.0
"Chaplin School District","=""0240011""","Grade   6","*"
"Chaplin School District","=""0240011""","Hispanic/Latino of any race","*"
"Chaplin School District","=""0240011""","Male",7.9
"Chaplin School District","=""0240011""","Non-ELL",10.1
"Chaplin School District","=""0240011""","Non-Special Education",9.7
"Chaplin School District","=""0240011""","Special Education","*"
"Chaplin School District","=""0240011""","Two or More Races","*"
"Chaplin School District","=""0240011""","White",9.4
"Chaplin School District","=""0240011""","Eligible For Reduced Lunch","*"
"Chaplin School District","=""0240011""","Not Eligible For Lunch",9.5
"Cheshire School District","=""0250011""","Kindergarten",4.2
"Cheshire School District","=""0250011""","American Indian or Alaska Native","*"
"Cheshire School District","=""0250011""","Asian",4.6
"Cheshire School District","=""0250011""","Black or African American","*"
"Cheshire School District","=""0250011""","District",5.2
"Cheshire School District","=""0250011""","ELL",14.3
"Cheshire School District","=""0250011""","Eligible For Free Lunch",17.3
"Cheshire School District","=""0250011""","Female",4.4
"Cheshire School District","=""0250011""","Grade   1",5.1
"Cheshire School District","=""0250011""","Grade   2",2.7
"Cheshire School District","=""0250011""","Grade   3",2.6
"Cheshire School District","=""0250011""","Grade   4",5.7
"Cheshire School District","=""0250011""","Grade   5",2.3
"Cheshire School District","=""0250011""","Grade   6",4.5
"Cheshire School District","=""0250011""","Grade   7",5.4
"Cheshire School District","=""0250011""","Grade   8",5.0
"Cheshire School District","=""0250011""","Grade   9",4.1
"Cheshire School District","=""0250011""","Grade 10",5.8
"Cheshire School District","=""0250011""","Grade 11",7.3
"Cheshire School District","=""0250011""","Grade 12",10.8
"Cheshire School District","=""0250011""","Hispanic/Latino of any race",9.8
"Cheshire School District","=""0250011""","Male",6.0
"Cheshire School District","=""0250011""","Non-ELL",5.1
"Cheshire School District","=""0250011""","Non-Special Education",3.8
"Cheshire School District","=""0250011""","Special Education",16.2
"Cheshire School District","=""0250011""","Two or More Races","*"
"Cheshire School District","=""0250011""","White",5.1
"Cheshire School District","=""0250011""","Eligible For Reduced Lunch",8.6
"Cheshire School District","=""0250011""","Not Eligible For Lunch",4.3
"Chester School District","=""0260011""","Kindergarten","*"
"Chester School District","=""0260011""","Asian","*"
"Chester School District","=""0260011""","Black or African American","*"
"Chester School District","=""0260011""","District",2.8
"Chester School District","=""0260011""","ELL","*"
"Chester School District","=""0260011""","Eligible For Free Lunch","*"
"Chester School District","=""0260011""","Female","*"
"Chester School District","=""0260011""","Grade   1","*"
"Chester School District","=""0260011""","Grade   2",0.0
"Chester School District","=""0260011""","Grade   3","*"
"Chester School District","=""0260011""","Grade   4","*"
"Chester School District","=""0260011""","Grade   5",0.0
"Chester School District","=""0260011""","Grade   6","*"
"Chester School District","=""0260011""","Hispanic/Latino of any race","*"
"Chester School District","=""0260011""","Male","*"
"Chester School District","=""0260011""","Non-ELL",2.8
"Chester School District","=""0260011""","Non-Special Education",3.3
"Chester School District","=""0260011""","Special Education",0.0
"Chester School District","=""0260011""","Two or More Races","*"
"Chester School District","=""0260011""","White",3.2
"Chester School District","=""0260011""","Eligible For Reduced Lunch","*"
"Chester School District","=""0260011""","Not Eligible For Lunch","*"
"Clinton School District","=""0270011""","Kindergarten","*"
"Clinton School District","=""0270011""","American Indian or Alaska Native","*"
"Clinton School District","=""0270011""","Asian","*"
"Clinton School District","=""0270011""","Black or African American","*"
"Clinton School District","=""0270011""","District",5.4
"Clinton School District","=""0270011""","ELL","*"
"Clinton School District","=""0270011""","Eligible For Free Lunch",10.6
"Clinton School District","=""0270011""","Female",5.8
"Clinton School District","=""0270011""","Grade   1","*"
"Clinton School District","=""0270011""","Grade   2","*"
"Clinton School District","=""0270011""","Grade   3","*"
"Clinton School District","=""0270011""","Grade   4","*"
"Clinton School District","=""0270011""","Grade   5","*"
"Clinton School District","=""0270011""","Grade   6",5.8
"Clinton School District","=""0270011""","Grade   7",4.1
"Clinton School District","=""0270011""","Grade   8",3.7
"Clinton School District","=""0270011""","Grade   9",6.3
"Clinton School District","=""0270011""","Grade 10",9.1
"Clinton School District","=""0270011""","Grade 11",15.6
"Clinton School District","=""0270011""","Grade 12",11.4
"Clinton School District","=""0270011""","Hispanic/Latino of any race",7.1
"Clinton School District","=""0270011""","Male",5.1
"Clinton School District","=""0270011""","Native Hawaiian or Other Pacific Islander","*"
"Clinton School District","=""0270011""","Non-ELL",5.4
"Clinton School District","=""0270011""","Non-Special Education",4.7
"Clinton School District","=""0270011""","Special Education",10.6
"Clinton School District","=""0270011""","Two or More Races","*"
"Clinton School District","=""0270011""","White",5.1
"Clinton School District","=""0270011""","Eligible For Reduced Lunch",10.0
"Clinton School District","=""0270011""","Not Eligible For Lunch",4.0
"Colchester School District","=""0280011""","Kindergarten",6.2
"Colchester School District","=""0280011""","American Indian or Alaska Native","*"
"Colchester School District","=""0280011""","Asian",0.0
"Colchester School District","=""0280011""","Black or African American","*"
"Colchester School District","=""0280011""","District",5.8
"Colchester School District","=""0280011""","ELL","*"
"Colchester School District","=""0280011""","Eligible For Free Lunch",12.9
"Colchester School District","=""0280011""","Female",5.9
"Colchester School District","=""0280011""","Grade   1",4.0
"Colchester School District","=""0280011""","Grade   2","*"
"Colchester School District","=""0280011""","Grade   3","*"
"Colchester School District","=""0280011""","Grade   4","*"
"Colchester School District","=""0280011""","Grade   5",3.4
"Colchester School District","=""0280011""","Grade   6",3.8
"Colchester School District","=""0280011""","Grade   7",5.4
"Colchester School District","=""0280011""","Grade   8",5.2
"Colchester School District","=""0280011""","Grade   9",8.3
"Colchester School District","=""0280011""","Grade 10",6.3
"Colchester School District","=""0280011""","Grade 11",8.9
"Colchester School District","=""0280011""","Grade 12",14.7
"Colchester School District","=""0280011""","Hispanic/Latino of any race",5.8
"Colchester School District","=""0280011""","Male",5.7
"Colchester School District","=""0280011""","Native Hawaiian or Other Pacific Islander","*"
"Colchester School District","=""0280011""","Non-ELL",5.8
"Colchester School District","=""0280011""","Non-Special Education",4.7
"Colchester School District","=""0280011""","Special Education",12.9
"Colchester School District","=""0280011""","Two or More Races","*"
"Colchester School District","=""0280011""","White",6.0
"Colchester School District","=""0280011""","Eligible For Reduced Lunch","*"
"Colchester School District","=""0280011""","Not Eligible For Lunch",4.7
"Colebrook School District","=""0290011""","Kindergarten","*"
"Colebrook School District","=""0290011""","Black or African American","*"
"Colebrook School District","=""0290011""","District","*"
"Colebrook School District","=""0290011""","Eligible For Free Lunch","*"
"Colebrook School District","=""0290011""","Female","*"
"Colebrook School District","=""0290011""","Grade   1","*"
"Colebrook School District","=""0290011""","Grade   2","*"
"Colebrook School District","=""0290011""","Grade   3","*"
"Colebrook School District","=""0290011""","Grade   4","*"
"Colebrook School District","=""0290011""","Grade   5","*"
"Colebrook School District","=""0290011""","Grade   6","*"
"Colebrook School District","=""0290011""","Hispanic/Latino of any race","*"
"Colebrook School District","=""0290011""","Male",0.0
"Colebrook School District","=""0290011""","Non-ELL","*"
"Colebrook School District","=""0290011""","Non-Special Education",0.0
"Colebrook School District","=""0290011""","Special Education","*"
"Colebrook School District","=""0290011""","Two or More Races","*"
"Colebrook School District","=""0290011""","White","*"
"Colebrook School District","=""0290011""","Eligible For Reduced Lunch","*"
"Colebrook School District","=""0290011""","Not Eligible For Lunch",0.0
"Columbia School District","=""0300011""","Kindergarten",0.0
"Columbia School District","=""0300011""","Asian","*"
"Columbia School District","=""0300011""","Black or African American","*"
"Columbia School District","=""0300011""","District",3.8
"Columbia School District","=""0300011""","Eligible For Free Lunch","*"
"Columbia School District","=""0300011""","Female",4.4
"Columbia School District","=""0300011""","Grade   1","*"
"Columbia School District","=""0300011""","Grade   2","*"
"Columbia School District","=""0300011""","Grade   3","*"
"Columbia School District","=""0300011""","Grade   4","*"
"Columbia School District","=""0300011""","Grade   5","*"
"Columbia School District","=""0300011""","Grade   6","*"
"Columbia School District","=""0300011""","Grade   7","*"
"Columbia School District","=""0300011""","Grade   8","*"
"Columbia School District","=""0300011""","Grade   9","*"
"Columbia School District","=""0300011""","Grade 10","*"
"Columbia School District","=""0300011""","Grade 11","*"
"Columbia School District","=""0300011""","Grade 12","*"
"Columbia School District","=""0300011""","Hispanic/Latino of any race","*"
"Columbia School District","=""0300011""","Male",3.3
"Columbia School District","=""0300011""","Non-ELL",3.8
"Columbia School District","=""0300011""","Non-Special Education",2.6
"Columbia School District","=""0300011""","Special Education",10.1
"Columbia School District","=""0300011""","Two or More Races","*"
"Columbia School District","=""0300011""","White",3.7
"Columbia School District","=""0300011""","Eligible For Reduced Lunch","*"
"Columbia School District","=""0300011""","Not Eligible For Lunch",3.4
"Common Ground High School District","=""2680013""","Asian","*"
"Common Ground High School District","=""2680013""","Black or African American","*"
"Common Ground High School District","=""2680013""","District",11.5
"Common Ground High School District","=""2680013""","ELL","*"
"Common Ground High School District","=""2680013""","Eligible For Free Lunch",22.6
"Common Ground High School District","=""2680013""","Female",16.9
"Common Ground High School District","=""2680013""","Grade   9","*"
"Common Ground High School District","=""2680013""","Grade 10",14.0
"Common Ground High School District","=""2680013""","Grade 11","*"
"Common Ground High School District","=""2680013""","Grade 12",20.0
"Common Ground High School District","=""2680013""","Hispanic/Latino of any race",26.9
"Common Ground High School District","=""2680013""","Male",7.8
"Common Ground High School District","=""2680013""","Non-ELL",11.8
"Common Ground High School District","=""2680013""","Non-Special Education",9.2
"Common Ground High School District","=""2680013""","Special Education",21.2
"Common Ground High School District","=""2680013""","Two or More Races","*"
"Common Ground High School District","=""2680013""","White","*"
"Common Ground High School District","=""2680013""","Eligible For Reduced Lunch","*"
"Common Ground High School District","=""2680013""","Not Eligible For Lunch","*"
"Connecticut Technical High School System","=""9000016""","American Indian or Alaska Native","*"
"Connecticut Technical High School System","=""9000016""","Asian",6.3
"Connecticut Technical High School System","=""9000016""","Black or African American",14.2
"Connecticut Technical High School System","=""9000016""","District",12.7
"Connecticut Technical High School System","=""9000016""","ELL",14.9
"Connecticut Technical High School System","=""9000016""","Eligible For Free Lunch",18.6
"Connecticut Technical High School System","=""9000016""","Female",16.8
"Connecticut Technical High School System","=""9000016""","Grade   9",9.4
"Connecticut Technical High School System","=""9000016""","Grade 10",10.6
"Connecticut Technical High School System","=""9000016""","Grade 11",13.1
"Connecticut Technical High School System","=""9000016""","Grade 12",18.3
"Connecticut Technical High School System","=""9000016""","Hispanic/Latino of any race",15.1
"Connecticut Technical High School System","=""9000016""","Male",9.9
"Connecticut Technical High School System","=""9000016""","Native Hawaiian or Other Pacific Islander","*"
"Connecticut Technical High School System","=""9000016""","Non-ELL",12.6
"Connecticut Technical High School System","=""9000016""","Non-Special Education",12.8
"Connecticut Technical High School System","=""9000016""","Special Education",11.5
"Connecticut Technical High School System","=""9000016""","Two or More Races",14.4
"Connecticut Technical High School System","=""9000016""","White",10.7
"Connecticut Technical High School System","=""9000016""","Eligible For Reduced Lunch",9.5
"Connecticut Technical High School System","=""9000016""","Not Eligible For Lunch",8.3
"Cooperative Educational Services","=""2430014""","Kindergarten",10.2
"Cooperative Educational Services","=""2430014""","Asian","*"
"Cooperative Educational Services","=""2430014""","Black or African American",10.3
"Cooperative Educational Services","=""2430014""","District",16.4
"Cooperative Educational Services","=""2430014""","ELL","*"
"Cooperative Educational Services","=""2430014""","Eligible For Free Lunch",27.6
"Cooperative Educational Services","=""2430014""","Female",14.2
"Cooperative Educational Services","=""2430014""","Grade   1","*"
"Cooperative Educational Services","=""2430014""","Grade   2","*"
"Cooperative Educational Services","=""2430014""","Grade   3",8.5
"Cooperative Educational Services","=""2430014""","Grade   4",8.0
"Cooperative Educational Services","=""2430014""","Grade   5","*"
"Cooperative Educational Services","=""2430014""","Grade   6",16.7
"Cooperative Educational Services","=""2430014""","Grade   7",23.6
"Cooperative Educational Services","=""2430014""","Grade   8",14.5
"Cooperative Educational Services","=""2430014""","Grade   9",38.2
"Cooperative Educational Services","=""2430014""","Grade 10",37.9
"Cooperative Educational Services","=""2430014""","Grade 11",34.8
"Cooperative Educational Services","=""2430014""","Grade 12",28.6
"Cooperative Educational Services","=""2430014""","Hispanic/Latino of any race",21.0
"Cooperative Educational Services","=""2430014""","Male",17.8
"Cooperative Educational Services","=""2430014""","Native Hawaiian or Other Pacific Islander","*"
"Cooperative Educational Services","=""2430014""","Non-ELL",16.4
"Cooperative Educational Services","=""2430014""","Non-Special Education",6.8
"Cooperative Educational Services","=""2430014""","Special Education",25.3
"Cooperative Educational Services","=""2430014""","Two or More Races","*"
"Cooperative Educational Services","=""2430014""","White",18.5
"Cooperative Educational Services","=""2430014""","Eligible For Reduced Lunch",18.8
"Cooperative Educational Services","=""2430014""","Not Eligible For Lunch",12.1
"Cornwall School District","=""0310011""","Kindergarten","*"
"Cornwall School District","=""0310011""","Asian","*"
"Cornwall School District","=""0310011""","Black or African American","*"
"Cornwall School District","=""0310011""","District","*"
"Cornwall School District","=""0310011""","ELL","*"
"Cornwall School District","=""0310011""","Eligible For Free Lunch","*"
"Cornwall School District","=""0310011""","Female","*"
"Cornwall School District","=""0310011""","Grade   1","*"
"Cornwall School District","=""0310011""","Grade   2","*"
"Cornwall School District","=""0310011""","Grade   3","*"
"Cornwall School District","=""0310011""","Grade   4","*"
"Cornwall School District","=""0310011""","Grade   5","*"
"Cornwall School District","=""0310011""","Grade   6","*"
"Cornwall School District","=""0310011""","Grade   7","*"
"Cornwall School District","=""0310011""","Grade   8","*"
"Cornwall School District","=""0310011""","Hispanic/Latino of any race","*"
"Cornwall School District","=""0310011""","Male","*"
"Cornwall School District","=""0310011""","Non-ELL","*"
"Cornwall School District","=""0310011""","Non-Special Education","*"
"Cornwall School District","=""0310011""","Special Education","*"
"Cornwall School District","=""0310011""","Two or More Races","*"
"Cornwall School District","=""0310011""","White","*"
"Cornwall School District","=""0310011""","Not Eligible For Lunch","*"
"Coventry School District","=""0320011""","Kindergarten","*"
"Coventry School District","=""0320011""","American Indian or Alaska Native","*"
"Coventry School District","=""0320011""","Asian",0.0
"Coventry School District","=""0320011""","Black or African American","*"
"Coventry School District","=""0320011""","District",5.6
"Coventry School District","=""0320011""","ELL","*"
"Coventry School District","=""0320011""","Eligible For Free Lunch",14.7
"Coventry School District","=""0320011""","Female",6.0
"Coventry School District","=""0320011""","Grade   1","*"
"Coventry School District","=""0320011""","Grade   2","*"
"Coventry School District","=""0320011""","Grade   3","*"
"Coventry School District","=""0320011""","Grade   4","*"
"Coventry School District","=""0320011""","Grade   5","*"
"Coventry School District","=""0320011""","Grade   6","*"
"Coventry School District","=""0320011""","Grade   7",5.9
"Coventry School District","=""0320011""","Grade   8",10.1
"Coventry School District","=""0320011""","Grade   9","*"
"Coventry School District","=""0320011""","Grade 10","*"
"Coventry School District","=""0320011""","Grade 11",14.4
"Coventry School District","=""0320011""","Grade 12",10.7
"Coventry School District","=""0320011""","Hispanic/Latino of any race",10.1
"Coventry School District","=""0320011""","Male",5.1
"Coventry School District","=""0320011""","Non-ELL",5.6
"Coventry School District","=""0320011""","Non-Special Education",4.2
"Coventry School District","=""0320011""","Special Education",14.6
"Coventry School District","=""0320011""","Two or More Races",10.9
"Coventry School District","=""0320011""","White",5.2
"Coventry School District","=""0320011""","Eligible For Reduced Lunch","*"
"Coventry School District","=""0320011""","Not Eligible For Lunch",3.9
"Cromwell School District","=""0330011""","Kindergarten","*"
"Cromwell School District","=""0330011""","American Indian or Alaska Native","*"
"Cromwell School District","=""0330011""","Asian","*"
"Cromwell School District","=""0330011""","Black or African American","*"
"Cromwell School District","=""0330011""","District",1.7
"Cromwell School District","=""0330011""","ELL","*"
"Cromwell School District","=""0330011""","Eligible For Free Lunch",4.6
"Cromwell School District","=""0330011""","Female",1.5
"Cromwell School District","=""0330011""","Grade   1","*"
"Cromwell School District","=""0330011""","Grade   2","*"
"Cromwell School District","=""0330011""","Grade   3","*"
"Cromwell School District","=""0330011""","Grade   4",0.0
"Cromwell School District","=""0330011""","Grade   5",0.0
"Cromwell School District","=""0330011""","Grade   6","*"
"Cromwell School District","=""0330011""","Grade   7","*"
"Cromwell School District","=""0330011""","Grade   8","*"
"Cromwell School District","=""0330011""","Grade   9","*"
"Cromwell School District","=""0330011""","Grade 10",4.0
"Cromwell School District","=""0330011""","Grade 11","*"
"Cromwell School District","=""0330011""","Grade 12","*"
"Cromwell School District","=""0330011""","Hispanic/Latino of any race","*"
"Cromwell School District","=""0330011""","Male",1.9
"Cromwell School District","=""0330011""","Native Hawaiian or Other Pacific Islander","*"
"Cromwell School District","=""0330011""","Non-ELL",1.6
"Cromwell School District","=""0330011""","Non-Special Education",1.4
"Cromwell School District","=""0330011""","Special Education",4.1
"Cromwell School District","=""0330011""","Two or More Races","*"
"Cromwell School District","=""0330011""","White",1.5
"Cromwell School District","=""0330011""","Eligible For Reduced Lunch","*"
"Cromwell School District","=""0330011""","Not Eligible For Lunch",1.1
"Danbury School District","=""0340011""","Kindergarten",10.3
"Danbury School District","=""0340011""","American Indian or Alaska Native","*"
"Danbury School District","=""0340011""","Asian",5.4
"Danbury School District","=""0340011""","Black or African American",9.3
"Danbury School District","=""0340011""","District",7.4
"Danbury School District","=""0340011""","ELL",6.6
"Danbury School District","=""0340011""","Eligible For Free Lunch",8.8
"Danbury School District","=""0340011""","Female",6.8
"Danbury School District","=""0340011""","Grade   1",5.9
"Danbury School District","=""0340011""","Grade   2",3.4
"Danbury School District","=""0340011""","Grade   3",4.0
"Danbury School District","=""0340011""","Grade   4",4.5
"Danbury School District","=""0340011""","Grade   5",5.3
"Danbury School District","=""0340011""","Grade   6",3.0
"Danbury School District","=""0340011""","Grade   7",3.7
"Danbury School District","=""0340011""","Grade   8",5.3
"Danbury School District","=""0340011""","Grade   9",13.2
"Danbury School District","=""0340011""","Grade 10",12.0
"Danbury School District","=""0340011""","Grade 11",13.2
"Danbury School District","=""0340011""","Grade 12",15.2
"Danbury School District","=""0340011""","Hispanic/Latino of any race",7.5
"Danbury School District","=""0340011""","Male",7.9
"Danbury School District","=""0340011""","Native Hawaiian or Other Pacific Islander","*"
"Danbury School District","=""0340011""","Non-ELL",7.6
"Danbury School District","=""0340011""","Non-Special Education",6.5
"Danbury School District","=""0340011""","Special Education",13.5
"Danbury School District","=""0340011""","Two or More Races",11.5
"Danbury School District","=""0340011""","White",6.9
"Danbury School District","=""0340011""","Eligible For Reduced Lunch",5.7
"Danbury School District","=""0340011""","Not Eligible For Lunch",6.5
"Darien School District","=""0350011""","Kindergarten",1.9
"Darien School District","=""0350011""","American Indian or Alaska Native","*"
"Darien School District","=""0350011""","Asian",3.0
"Darien School District","=""0350011""","Black or African American","*"
"Darien School District","=""0350011""","District",2.9
"Darien School District","=""0350011""","ELL","*"
"Darien School District","=""0350011""","Eligible For Free Lunch",9.6
"Darien School District","=""0350011""","Female",2.8
"Darien School District","=""0350011""","Grade   1",2.4
"Darien School District","=""0350011""","Grade   2","*"
"Darien School District","=""0350011""","Grade   3",2.4
"Darien School District","=""0350011""","Grade   4",2.1
"Darien School District","=""0350011""","Grade   5",1.7
"Darien School District","=""0350011""","Grade   6",2.2
"Darien School District","=""0350011""","Grade   7",3.4
"Darien School District","=""0350011""","Grade   8",3.5
"Darien School District","=""0350011""","Grade   9",3.2
"Darien School District","=""0350011""","Grade 10",3.7
"Darien School District","=""0350011""","Grade 11",3.9
"Darien School District","=""0350011""","Grade 12",7.6
"Darien School District","=""0350011""","Hispanic/Latino of any race",3.3
"Darien School District","=""0350011""","Male",3.0
"Darien School District","=""0350011""","Native Hawaiian or Other Pacific Islander","*"
"Darien School District","=""0350011""","Non-ELL",2.9
"Darien School District","=""0350011""","Non-Special Education",2.6
"Darien School District","=""0350011""","Special Education",5.2
"Darien School District","=""0350011""","Two or More Races","*"
"Darien School District","=""0350011""","White",2.9
"Darien School District","=""0350011""","Eligible For Reduced Lunch","*"
"Darien School District","=""0350011""","Not Eligible For Lunch",2.8
"Deep River School District","=""0360011""","Kindergarten","*"
"Deep River School District","=""0360011""","Asian","*"
"Deep River School District","=""0360011""","Black or African American","*"
"Deep River School District","=""0360011""","District",1.9
"Deep River School District","=""0360011""","ELL","*"
"Deep River School District","=""0360011""","Eligible For Free Lunch","*"
"Deep River School District","=""0360011""","Female","*"
"Deep River School District","=""0360011""","Grade   1",0.0
"Deep River School District","=""0360011""","Grade   2","*"
"Deep River School District","=""0360011""","Grade   3","*"
"Deep River School District","=""0360011""","Grade   4",0.0
"Deep River School District","=""0360011""","Grade   5","*"
"Deep River School District","=""0360011""","Grade   6",0.0
"Deep River School District","=""0360011""","Hispanic/Latino of any race","*"
"Deep River School District","=""0360011""","Male","*"
"Deep River School District","=""0360011""","Non-ELL",2.0
"Deep River School District","=""0360011""","Non-Special Education","*"
"Deep River School District","=""0360011""","Special Education","*"
"Deep River School District","=""0360011""","Two or More Races","*"
"Deep River School District","=""0360011""","White","*"
"Deep River School District","=""0360011""","Eligible For Reduced Lunch","*"
"Deep River School District","=""0360011""","Not Eligible For Lunch","*"
"Department of Mental Health and Addiction Services","=""3370015""","Black or African American","*"
"Department of Mental Health and Addiction Services","=""3370015""","District","*"
"Department of Mental Health and Addiction Services","=""3370015""","Eligible For Free Lunch","*"
"Department of Mental Health and Addiction Services","=""3370015""","Female","*"
"Department of Mental Health and Addiction Services","=""3370015""","Grade 12","*"
"Department of Mental Health and Addiction Services","=""3370015""","Male","*"
"Department of Mental Health and Addiction Services","=""3370015""","Non-ELL","*"
"Department of Mental Health and Addiction Services","=""3370015""","Special Education","*"
"Department of Mental Health and Addiction Services","=""3370015""","White","*"
"Derby School District","=""0370011""","Kindergarten",7.3
"Derby School District","=""0370011""","Asian","*"
"Derby School District","=""0370011""","Black or African American",14.0
"Derby School District","=""0370011""","District",13.0
"Derby School District","=""0370011""","ELL",13.3
"Derby School District","=""0370011""","Eligible For Free Lunch",16.6
"Derby School District","=""0370011""","Female",12.3
"Derby School District","=""0370011""","Grade   1","*"
"Derby School District","=""0370011""","Grade   2",9.6
"Derby School District","=""0370011""","Grade   3",12.9
"Derby School District","=""0370011""","Grade   4",5.4
"Derby School District","=""0370011""","Grade   5",7.1
"Derby School District","=""0370011""","Grade   6",8.9
"Derby School District","=""0370011""","Grade   7",9.0
"Derby School District","=""0370011""","Grade   8",24.0
"Derby School District","=""0370011""","Grade   9",30.6
"Derby School District","=""0370011""","Grade 10",17.3
"Derby School District","=""0370011""","Grade 11",16.5
"Derby School District","=""0370011""","Grade 12",23.8
"Derby School District","=""0370011""","Hispanic/Latino of any race",12.4
"Derby School District","=""0370011""","Male",13.7
"Derby School District","=""0370011""","Native Hawaiian or Other Pacific Islander","*"
"Derby School District","=""0370011""","Non-ELL",13.0
"Derby School District","=""0370011""","Non-Special Education",11.8
"Derby School District","=""0370011""","Special Education",19.9
"Derby School District","=""0370011""","Two or More Races",19.2
"Derby School District","=""0370011""","White",13.2
"Derby School District","=""0370011""","Eligible For Reduced Lunch",11.0
"Derby School District","=""0370011""","Not Eligible For Lunch",8.4
"East Granby School District","=""0400011""","Kindergarten","*"
"East Granby School District","=""0400011""","American Indian or Alaska Native","*"
"East Granby School District","=""0400011""","Asian",0.0
"East Granby School District","=""0400011""","Black or African American",18.3
"East Granby School District","=""0400011""","District",6.0
"East Granby School District","=""0400011""","ELL","*"
"East Granby School District","=""0400011""","Eligible For Free Lunch",19.4
"East Granby School District","=""0400011""","Female",5.5
"East Granby School District","=""0400011""","Grade   1",9.2
"East Granby School District","=""0400011""","Grade   2","*"
"East Granby School District","=""0400011""","Grade   3",8.1
"East Granby School District","=""0400011""","Grade   4","*"
"East Granby School District","=""0400011""","Grade   5","*"
"East Granby School District","=""0400011""","Grade   6","*"
"East Granby School District","=""0400011""","Grade   7",0.0
"East Granby School District","=""0400011""","Grade   8","*"
"East Granby School District","=""0400011""","Grade   9","*"
"East Granby School District","=""0400011""","Grade 10","*"
"East Granby School District","=""0400011""","Grade 11",14.3
"East Granby School District","=""0400011""","Grade 12",8.2
"East Granby School District","=""0400011""","Hispanic/Latino of any race","*"
"East Granby School District","=""0400011""","Male",6.5
"East Granby School District","=""0400011""","Native Hawaiian or Other Pacific Islander","*"
"East Granby School District","=""0400011""","Non-ELL",6.1
"East Granby School District","=""0400011""","Non-Special Education",5.1
"East Granby School District","=""0400011""","Special Education",12.7
"East Granby School District","=""0400011""","Two or More Races","*"
"East Granby School District","=""0400011""","White",4.7
"East Granby School District","=""0400011""","Not Eligible For Lunch",4.0
"East Haddam School District","=""0410011""","Kindergarten","*"
"East Haddam School District","=""0410011""","American Indian or Alaska Native","*"
"East Haddam School District","=""0410011""","Asian","*"
"East Haddam School District","=""0410011""","Black or African American","*"
"East Haddam School District","=""0410011""","District",6.3
"East Haddam School District","=""0410011""","Eligible For Free Lunch",12.9
"East Haddam School District","=""0410011""","Female",5.9
"East Haddam School District","=""0410011""","Grade   1","*"
"East Haddam School District","=""0410011""","Grade   2","*"
"East Haddam School District","=""0410011""","Grade   3","*"
"East Haddam School District","=""0410011""","Grade   4",8.0
"East Haddam School District","=""0410011""","Grade   5","*"
"East Haddam School District","=""0410011""","Grade   6","*"
"East Haddam School District","=""0410011""","Grade   7","*"
"East Haddam School District","=""0410011""","Grade   8",7.7
"East Haddam School District","=""0410011""","Grade   9",8.0
"East Haddam School District","=""0410011""","Grade 10","*"
"East Haddam School District","=""0410011""","Grade 11",12.9
"East Haddam School District","=""0410011""","Grade 12",10.7
"East Haddam School District","=""0410011""","Hispanic/Latino of any race","*"
"East Haddam School District","=""0410011""","Male",6.7
"East Haddam School District","=""0410011""","Non-ELL",6.3
"East Haddam School District","=""0410011""","Non-Special Education",5.6
"East Haddam School District","=""0410011""","Special Education",10.8
"East Haddam School District","=""0410011""","Two or More Races","*"
"East Haddam School District","=""0410011""","White",6.6
"East Haddam School District","=""0410011""","Eligible For Reduced Lunch","*"
"East Haddam School District","=""0410011""","Not Eligible For Lunch",5.5
"East Hampton School District","=""0420011""","Kindergarten","*"
"East Hampton School District","=""0420011""","American Indian or Alaska Native",5.4
"East Hampton School District","=""0420011""","Asian",0.0
"East Hampton School District","=""0420011""","Black or African American","*"
"East Hampton School District","=""0420011""","District",7.4
"East Hampton School District","=""0420011""","ELL","*"
"East Hampton School District","=""0420011""","Eligible For Free Lunch",22.3
"East Hampton School District","=""0420011""","Female",6.7
"East Hampton School District","=""0420011""","Grade   1",8.1
"East Hampton School District","=""0420011""","Grade   2","*"
"East Hampton School District","=""0420011""","Grade   3","*"
"East Hampton School District","=""0420011""","Grade   4",5.1
"East Hampton School District","=""0420011""","Grade   5","*"
"East Hampton School District","=""0420011""","Grade   6","*"
"East Hampton School District","=""0420011""","Grade   7",11.1
"East Hampton School District","=""0420011""","Grade   8",8.1
"East Hampton School District","=""0420011""","Grade   9",6.2
"East Hampton School District","=""0420011""","Grade 10",12.7
"East Hampton School District","=""0420011""","Grade 11",9.7
"East Hampton School District","=""0420011""","Grade 12",22.4
"East Hampton School District","=""0420011""","Hispanic/Latino of any race",10.3
"East Hampton School District","=""0420011""","Male",8.1
"East Hampton School District","=""0420011""","Native Hawaiian or Other Pacific Islander","*"
"East Hampton School District","=""0420011""","Non-ELL",7.4
"East Hampton School District","=""0420011""","Non-Special Education",6.5
"East Hampton School District","=""0420011""","Special Education",16.2
"East Hampton School District","=""0420011""","Two or More Races",14.6
"East Hampton School District","=""0420011""","White",7.6
"East Hampton School District","=""0420011""","Eligible For Reduced Lunch","*"
"East Hampton School District","=""0420011""","Not Eligible For Lunch",5.5
"East Hartford School District","=""0430011""","Kindergarten",12.9
"East Hartford School District","=""0430011""","American Indian or Alaska Native","*"
"East Hartford School District","=""0430011""","Asian",4.5
"East Hartford School District","=""0430011""","Black or African American",10.8
"East Hartford School District","=""0430011""","District",12.9
"East Hartford School District","=""0430011""","ELL",15.2
"East Hartford School District","=""0430011""","Eligible For Free Lunch",16.9
"East Hartford School District","=""0430011""","Female",11.6
"East Hartford School District","=""0430011""","Grade   1",9.4
"East Hartford School District","=""0430011""","Grade   2",9.6
"East Hartford School District","=""0430011""","Grade   3",7.1
"East Hartford School District","=""0430011""","Grade   4",10.4
"East Hartford School District","=""0430011""","Grade   5",8.5
"East Hartford School District","=""0430011""","Grade   6",8.4
"East Hartford School District","=""0430011""","Grade   7",11.4
"East Hartford School District","=""0430011""","Grade   8",12.4
"East Hartford School District","=""0430011""","Grade   9",16.5
"East Hartford School District","=""0430011""","Grade 10",22.1
"East Hartford School District","=""0430011""","Grade 11",16.2
"East Hartford School District","=""0430011""","Grade 12",22.2
"East Hartford School District","=""0430011""","Hispanic/Latino of any race",15.5
"East Hartford School District","=""0430011""","Male",14.1
"East Hartford School District","=""0430011""","Native Hawaiian or Other Pacific Islander","*"
"East Hartford School District","=""0430011""","Non-ELL",12.6
"East Hartford School District","=""0430011""","Non-Special Education",10.0
"East Hartford School District","=""0430011""","Special Education",26.6
"East Hartford School District","=""0430011""","Two or More Races","*"
"East Hartford School District","=""0430011""","White",12.9
"East Hartford School District","=""0430011""","Eligible For Reduced Lunch",6.2
"East Hartford School District","=""0430011""","Not Eligible For Lunch",6.6
"East Haven School District","=""0440011""","Kindergarten",12.3
"East Haven School District","=""0440011""","American Indian or Alaska Native","*"
"East Haven School District","=""0440011""","Asian","*"
"East Haven School District","=""0440011""","Black or African American",10.6
"East Haven School District","=""0440011""","District",10.2
"East Haven School District","=""0440011""","ELL",3.5
"East Haven School District","=""0440011""","Eligible For Free Lunch",13.3
"East Haven School District","=""0440011""","Female",10.5
"East Haven School District","=""0440011""","Grade   1",6.7
"East Haven School District","=""0440011""","Grade   2",7.6
"East Haven School District","=""0440011""","Grade   3",6.5
"East Haven School District","=""0440011""","Grade   4",10.7
"East Haven School District","=""0440011""","Grade   5",7.8
"East Haven School District","=""0440011""","Grade   6","*"
"East Haven School District","=""0440011""","Grade   7","*"
"East Haven School District","=""0440011""","Grade   8","*"
"East Haven School District","=""0440011""","Grade   9",19.0
"East Haven School District","=""0440011""","Grade 10",16.3
"East Haven School District","=""0440011""","Grade 11",19.1
"East Haven School District","=""0440011""","Grade 12",26.2
"East Haven School District","=""0440011""","Hispanic/Latino of any race",9.9
"East Haven School District","=""0440011""","Male",9.9
"East Haven School District","=""0440011""","Native Hawaiian or Other Pacific Islander","*"
"East Haven School District","=""0440011""","Non-ELL",10.8
"East Haven School District","=""0440011""","Non-Special Education",9.4
"East Haven School District","=""0440011""","Special Education",16.1
"East Haven School District","=""0440011""","Two or More Races",0.0
"East Haven School District","=""0440011""","White",11.0
"East Haven School District","=""0440011""","Eligible For Reduced Lunch",8.5
"East Haven School District","=""0440011""","Not Eligible For Lunch",8.1
"East Lyme School District","=""0450011""","Kindergarten","*"
"East Lyme School District","=""0450011""","American Indian or Alaska Native","*"
"East Lyme School District","=""0450011""","Asian","*"
"East Lyme School District","=""0450011""","Black or African American",0.0
"East Lyme School District","=""0450011""","District",4.7
"East Lyme School District","=""0450011""","ELL","*"
"East Lyme School District","=""0450011""","Eligible For Free Lunch",11.4
"East Lyme School District","=""0450011""","Female",4.4
"East Lyme School District","=""0450011""","Grade   1","*"
"East Lyme School District","=""0450011""","Grade   2",5.9
"East Lyme School District","=""0450011""","Grade   3",3.7
"East Lyme School District","=""0450011""","Grade   4","*"
"East Lyme School District","=""0450011""","Grade   5",2.9
"East Lyme School District","=""0450011""","Grade   6",3.9
"East Lyme School District","=""0450011""","Grade   7",5.0
"East Lyme School District","=""0450011""","Grade   8",6.4
"East Lyme School District","=""0450011""","Grade   9",5.1
"East Lyme School District","=""0450011""","Grade 10",3.4
"East Lyme School District","=""0450011""","Grade 11",6.2
"East Lyme School District","=""0450011""","Grade 12",7.0
"East Lyme School District","=""0450011""","Hispanic/Latino of any race",9.2
"East Lyme School District","=""0450011""","Male",4.9
"East Lyme School District","=""0450011""","Native Hawaiian or Other Pacific Islander","*"
"East Lyme School District","=""0450011""","Non-ELL",4.6
"East Lyme School District","=""0450011""","Non-Special Education",3.7
"East Lyme School District","=""0450011""","Special Education",11.0
"East Lyme School District","=""0450011""","Two or More Races","*"
"East Lyme School District","=""0450011""","White",4.8
"East Lyme School District","=""0450011""","Eligible For Reduced Lunch",12.9
"East Lyme School District","=""0450011""","Not Eligible For Lunch",3.4
"East Windsor School District","=""0470011""","Kindergarten",8.9
"East Windsor School District","=""0470011""","American Indian or Alaska Native","*"
"East Windsor School District","=""0470011""","Asian","*"
"East Windsor School District","=""0470011""","Black or African American",18.3
"East Windsor School District","=""0470011""","District",12.2
"East Windsor School District","=""0470011""","ELL","*"
"East Windsor School District","=""0470011""","Eligible For Free Lunch",20.9
"East Windsor School District","=""0470011""","Female",13.0
"East Windsor School District","=""0470011""","Grade   1",8.2
"East Windsor School District","=""0470011""","Grade   2",11.8
"East Windsor School District","=""0470011""","Grade   3",6.9
"East Windsor School District","=""0470011""","Grade   4","*"
"East Windsor School District","=""0470011""","Grade   5",9.6
"East Windsor School District","=""0470011""","Grade   6",12.7
"East Windsor School District","=""0470011""","Grade   7",20.0
"East Windsor School District","=""0470011""","Grade   8",10.7
"East Windsor School District","=""0470011""","Grade   9",12.6
"East Windsor School District","=""0470011""","Grade 10",12.8
"East Windsor School District","=""0470011""","Grade 11",17.9
"East Windsor School District","=""0470011""","Grade 12",25.3
"East Windsor School District","=""0470011""","Hispanic/Latino of any race",18.9
"East Windsor School District","=""0470011""","Male",11.5
"East Windsor School District","=""0470011""","Non-ELL",12.3
"East Windsor School District","=""0470011""","Non-Special Education",10.7
"East Windsor School District","=""0470011""","Special Education",19.1
"East Windsor School District","=""0470011""","Two or More Races",15.2
"East Windsor School District","=""0470011""","White",9.3
"East Windsor School District","=""0470011""","Eligible For Reduced Lunch","*"
"East Windsor School District","=""0470011""","Not Eligible For Lunch",6.7
"Eastern Connecticut Regional Educational Service Center (EASTCONN)","=""2530014""","Kindergarten","*"
"Eastern Connecticut Regional Educational Service Center (EASTCONN)","=""2530014""","American Indian or Alaska Native","*"
"Eastern Connecticut Regional Educational Service Center (EASTCONN)","=""2530014""","Asian","*"
"Eastern Connecticut Regional Educational Service Center (EASTCONN)","=""2530014""","Black or African American","*"
"Eastern Connecticut Regional Educational Service Center (EASTCONN)","=""2530014""","District",33.9
"Eastern Connecticut Regional Educational Service Center (EASTCONN)","=""2530014""","ELL","*"
"Eastern Connecticut Regional Educational Service Center (EASTCONN)","=""2530014""","Eligible For Free Lunch",40.0
"Eastern Connecticut Regional Educational Service Center (EASTCONN)","=""2530014""","Female",38.4
"Eastern Connecticut Regional Educational Service Center (EASTCONN)","=""2530014""","Grade   1","*"
"Eastern Connecticut Regional Educational Service Center (EASTCONN)","=""2530014""","Grade   2","*"
"Eastern Connecticut Regional Educational Service Center (EASTCONN)","=""2530014""","Grade   3","*"
"Eastern Connecticut Regional Educational Service Center (EASTCONN)","=""2530014""","Grade   4","*"
"Eastern Connecticut Regional Educational Service Center (EASTCONN)","=""2530014""","Grade   5","*"
"Eastern Connecticut Regional Educational Service Center (EASTCONN)","=""2530014""","Grade   6","*"
"Eastern Connecticut Regional Educational Service Center (EASTCONN)","=""2530014""","Grade   7","*"
"Eastern Connecticut Regional Educational Service Center (EASTCONN)","=""2530014""","Grade   8","*"
"Eastern Connecticut Regional Educational Service Center (EASTCONN)","=""2530014""","Grade   9",17.9
"Eastern Connecticut Regional Educational Service Center (EASTCONN)","=""2530014""","Grade 10",40.7
"Eastern Connecticut Regional Educational Service Center (EASTCONN)","=""2530014""","Grade 11",38.6
"Eastern Connecticut Regional Educational Service Center (EASTCONN)","=""2530014""","Grade 12",45.2
"Eastern Connecticut Regional Educational Service Center (EASTCONN)","=""2530014""","Hispanic/Latino of any race",40.6
"Eastern Connecticut Regional Educational Service Center (EASTCONN)","=""2530014""","Male",28.5
"Eastern Connecticut Regional Educational Service Center (EASTCONN)","=""2530014""","Non-ELL",34.2
"Eastern Connecticut Regional Educational Service Center (EASTCONN)","=""2530014""","Non-Special Education",35.8
"Eastern Connecticut Regional Educational Service Center (EASTCONN)","=""2530014""","Special Education",30.8
"Eastern Connecticut Regional Educational Service Center (EASTCONN)","=""2530014""","Two or More Races","*"
"Eastern Connecticut Regional Educational Service Center (EASTCONN)","=""2530014""","White",33.6
"Eastern Connecticut Regional Educational Service Center (EASTCONN)","=""2530014""","Eligible For Reduced Lunch",30.0
"Eastern Connecticut Regional Educational Service Center (EASTCONN)","=""2530014""","Not Eligible For Lunch",29.5
"Eastford School District","=""0390011""","Kindergarten","*"
"Eastford School District","=""0390011""","American Indian or Alaska Native","*"
"Eastford School District","=""0390011""","Asian","*"
"Eastford School District","=""0390011""","Black or African American","*"
"Eastford School District","=""0390011""","District","*"
"Eastford School District","=""0390011""","Eligible For Free Lunch",0.0
"Eastford School District","=""0390011""","Female","*"
"Eastford School District","=""0390011""","Grade   1","*"
"Eastford School District","=""0390011""","Grade   2","*"
"Eastford School District","=""0390011""","Grade   3","*"
"Eastford School District","=""0390011""","Grade   4","*"
"Eastford School District","=""0390011""","Grade   5","*"
"Eastford School District","=""0390011""","Grade   6","*"
"Eastford School District","=""0390011""","Grade   7","*"
"Eastford School District","=""0390011""","Grade   8","*"
"Eastford School District","=""0390011""","Hispanic/Latino of any race","*"
"Eastford School District","=""0390011""","Male","*"
"Eastford School District","=""0390011""","Non-ELL","*"
"Eastford School District","=""0390011""","Non-Special Education","*"
"Eastford School District","=""0390011""","Special Education","*"
"Eastford School District","=""0390011""","Two or More Races","*"
"Eastford School District","=""0390011""","White","*"
"Eastford School District","=""0390011""","Not Eligible For Lunch","*"
"Easton School District","=""0460011""","Kindergarten","*"
"Easton School District","=""0460011""","American Indian or Alaska Native","*"
"Easton School District","=""0460011""","Asian",0.0
"Easton School District","=""0460011""","Black or African American","*"
"Easton School District","=""0460011""","District",1.7
"Easton School District","=""0460011""","ELL","*"
"Easton School District","=""0460011""","Eligible For Free Lunch","*"
"Easton School District","=""0460011""","Female",1.4
"Easton School District","=""0460011""","Grade   1","*"
"Easton School District","=""0460011""","Grade   2","*"
"Easton School District","=""0460011""","Grade   3",0.0
"Easton School District","=""0460011""","Grade   4","*"
"Easton School District","=""0460011""","Grade   5","*"
"Easton School District","=""0460011""","Grade   6","*"
"Easton School District","=""0460011""","Grade   7","*"
"Easton School District","=""0460011""","Grade   8","*"
"Easton School District","=""0460011""","Hispanic/Latino of any race",0.0
"Easton School District","=""0460011""","Male",1.9
"Easton School District","=""0460011""","Native Hawaiian or Other Pacific Islander","*"
"Easton School District","=""0460011""","Non-ELL",1.7
"Easton School District","=""0460011""","Non-Special Education",1.6
"Easton School District","=""0460011""","Special Education","*"
"Easton School District","=""0460011""","Two or More Races",0.0
"Easton School District","=""0460011""","White",2.0
"Easton School District","=""0460011""","Eligible For Reduced Lunch","*"
"Easton School District","=""0460011""","Not Eligible For Lunch",1.6
"Education Connection","=""2420014""","Black or African American","*"
"Education Connection","=""2420014""","District","*"
"Education Connection","=""2420014""","Eligible For Free Lunch","*"
"Education Connection","=""2420014""","Female","*"
"Education Connection","=""2420014""","Grade   2","*"
"Education Connection","=""2420014""","Grade   3","*"
"Education Connection","=""2420014""","Grade   4","*"
"Education Connection","=""2420014""","Grade   5","*"
"Education Connection","=""2420014""","Grade   6","*"
"Education Connection","=""2420014""","Grade   7","*"
"Education Connection","=""2420014""","Grade   8","*"
"Education Connection","=""2420014""","Grade   9","*"
"Education Connection","=""2420014""","Grade 10","*"
"Education Connection","=""2420014""","Grade 11","*"
"Education Connection","=""2420014""","Grade 12","*"
"Education Connection","=""2420014""","Hispanic/Latino of any race","*"
"Education Connection","=""2420014""","Male","*"
"Education Connection","=""2420014""","Non-ELL","*"
"Education Connection","=""2420014""","Special Education","*"
"Education Connection","=""2420014""","Two or More Races","*"
"Education Connection","=""2420014""","White","*"
"Education Connection","=""2420014""","Eligible For Reduced Lunch","*"
"Education Connection","=""2420014""","Not Eligible For Lunch","*"
"Ellington School District","=""0480011""","Kindergarten","*"
"Ellington School District","=""0480011""","American Indian or Alaska Native","*"
"Ellington School District","=""0480011""","Asian",5.9
"Ellington School District","=""0480011""","Black or African American",7.0
"Ellington School District","=""0480011""","District",4.3
"Ellington School District","=""0480011""","ELL","*"
"Ellington School District","=""0480011""","Eligible For Free Lunch",14.5
"Ellington School District","=""0480011""","Female",3.5
"Ellington School District","=""0480011""","Grade   1","*"
"Ellington School District","=""0480011""","Grade   2",3.9
"Ellington School District","=""0480011""","Grade   3",4.5
"Ellington School District","=""0480011""","Grade   4","*"
"Ellington School District","=""0480011""","Grade   5",4.5
"Ellington School District","=""0480011""","Grade   6",3.6
"Ellington School District","=""0480011""","Grade   7",3.3
"Ellington School District","=""0480011""","Grade   8",7.0
"Ellington School District","=""0480011""","Grade   9",5.0
"Ellington School District","=""0480011""","Grade 10",4.5
"Ellington School District","=""0480011""","Grade 11",5.3
"Ellington School District","=""0480011""","Grade 12",6.0
"Ellington School District","=""0480011""","Hispanic/Latino of any race",9.9
"Ellington School District","=""0480011""","Male",5.0
"Ellington School District","=""0480011""","Non-ELL",4.2
"Ellington School District","=""0480011""","Non-Special Education",2.9
"Ellington School District","=""0480011""","Special Education",14.1
"Ellington School District","=""0480011""","Two or More Races","*"
"Ellington School District","=""0480011""","White",3.7
"Ellington School District","=""0480011""","Eligible For Reduced Lunch","*"
"Ellington School District","=""0480011""","Not Eligible For Lunch",3.3
"Elm City College Preparatory School District","=""2890013""","Kindergarten","*"
"Elm City College Preparatory School District","=""2890013""","American Indian or Alaska Native","*"
"Elm City College Preparatory School District","=""2890013""","Asian","*"
"Elm City College Preparatory School District","=""2890013""","Black or African American",6.2
"Elm City College Preparatory School District","=""2890013""","District",5.7
"Elm City College Preparatory School District","=""2890013""","ELL",0.0
"Elm City College Preparatory School District","=""2890013""","Eligible For Free Lunch",6.1
"Elm City College Preparatory School District","=""2890013""","Female",4.9
"Elm City College Preparatory School District","=""2890013""","Grade   1",10.6
"Elm City College Preparatory School District","=""2890013""","Grade   2","*"
"Elm City College Preparatory School District","=""2890013""","Grade   3","*"
"Elm City College Preparatory School District","=""2890013""","Grade   4","*"
"Elm City College Preparatory School District","=""2890013""","Grade   5","*"
"Elm City College Preparatory School District","=""2890013""","Grade   6","*"
"Elm City College Preparatory School District","=""2890013""","Grade   7","*"
"Elm City College Preparatory School District","=""2890013""","Grade   8","*"
"Elm City College Preparatory School District","=""2890013""","Grade   9","*"
"Elm City College Preparatory School District","=""2890013""","Grade 10","*"
"Elm City College Preparatory School District","=""2890013""","Grade 11","*"
"Elm City College Preparatory School District","=""2890013""","Grade 12","*"
"Elm City College Preparatory School District","=""2890013""","Hispanic/Latino of any race",5.0
"Elm City College Preparatory School District","=""2890013""","Male",6.8
"Elm City College Preparatory School District","=""2890013""","Non-ELL",5.9
"Elm City College Preparatory School District","=""2890013""","Non-Special Education",5.2
"Elm City College Preparatory School District","=""2890013""","Special Education",11.8
"Elm City College Preparatory School District","=""2890013""","Two or More Races","*"
"Elm City College Preparatory School District","=""2890013""","White","*"
"Elm City College Preparatory School District","=""2890013""","Eligible For Reduced Lunch","*"
"Elm City College Preparatory School District","=""2890013""","Not Eligible For Lunch",6.9
"Elm City Montessori School District","=""2910013""","Kindergarten","*"
"Elm City Montessori School District","=""2910013""","Black or African American","*"
"Elm City Montessori School District","=""2910013""","District",20.5
"Elm City Montessori School District","=""2910013""","ELL","*"
"Elm City Montessori School District","=""2910013""","Eligible For Free Lunch","*"
"Elm City Montessori School District","=""2910013""","Female","*"
"Elm City Montessori School District","=""2910013""","Grade   1","*"
"Elm City Montessori School District","=""2910013""","Hispanic/Latino of any race","*"
"Elm City Montessori School District","=""2910013""","Male","*"
"Elm City Montessori School District","=""2910013""","Non-ELL",17.9
"Elm City Montessori School District","=""2910013""","Non-Special Education",21.4
"Elm City Montessori School District","=""2910013""","Special Education","*"
"Elm City Montessori School District","=""2910013""","Two or More Races","*"
"Elm City Montessori School District","=""2910013""","White","*"
"Elm City Montessori School District","=""2910013""","Not Eligible For Lunch","*"
"Enfield School District","=""0490011""","Kindergarten",12.6
"Enfield School District","=""0490011""","American Indian or Alaska Native","*"
"Enfield School District","=""0490011""","Asian",6.9
"Enfield School District","=""0490011""","Black or African American",16.4
"Enfield School District","=""0490011""","District",11.9
"Enfield School District","=""0490011""","ELL",6.0
"Enfield School District","=""0490011""","Eligible For Free Lunch",20.6
"Enfield School District","=""0490011""","Female",11.9
"Enfield School District","=""0490011""","Grade   1",6.7
"Enfield School District","=""0490011""","Grade   2",9.5
"Enfield School District","=""0490011""","Grade   3",6.1
"Enfield School District","=""0490011""","Grade   4",5.2
"Enfield School District","=""0490011""","Grade   5",7.2
"Enfield School District","=""0490011""","Grade   6",11.7
"Enfield School District","=""0490011""","Grade   7",13.2
"Enfield School District","=""0490011""","Grade   8",19.2
"Enfield School District","=""0490011""","Grade   9",14.5
"Enfield School District","=""0490011""","Grade 10",11.2
"Enfield School District","=""0490011""","Grade 11",18.9
"Enfield School District","=""0490011""","Grade 12",19.1
"Enfield School District","=""0490011""","Hispanic/Latino of any race",15.7
"Enfield School District","=""0490011""","Male",11.9
"Enfield School District","=""0490011""","Native Hawaiian or Other Pacific Islander","*"
"Enfield School District","=""0490011""","Non-ELL",12.0
"Enfield School District","=""0490011""","Non-Special Education",10.2
"Enfield School District","=""0490011""","Special Education",21.9
"Enfield School District","=""0490011""","Two or More Races",15.9
"Enfield School District","=""0490011""","White",10.8
"Enfield School District","=""0490011""","Eligible For Reduced Lunch",7.8
"Enfield School District","=""0490011""","Not Eligible For Lunch",7.8
"Essex School District","=""0500011""","Kindergarten","*"
"Essex School District","=""0500011""","Asian","*"
"Essex School District","=""0500011""","Black or African American","*"
"Essex School District","=""0500011""","District",3.2
"Essex School District","=""0500011""","ELL","*"
"Essex School District","=""0500011""","Eligible For Free Lunch","*"
"Essex School District","=""0500011""","Female",3.9
"Essex School District","=""0500011""","Grade   1","*"
"Essex School District","=""0500011""","Grade   2","*"
"Essex School District","=""0500011""","Grade   3","*"
"Essex School District","=""0500011""","Grade   4",0.0
"Essex School District","=""0500011""","Grade   5",0.0
"Essex School District","=""0500011""","Grade   6","*"
"Essex School District","=""0500011""","Hispanic/Latino of any race","*"
"Essex School District","=""0500011""","Male","*"
"Essex School District","=""0500011""","Non-ELL",3.3
"Essex School District","=""0500011""","Non-Special Education",3.5
"Essex School District","=""0500011""","Special Education","*"
"Essex School District","=""0500011""","Two or More Races","*"
"Essex School District","=""0500011""","White",3.1
"Essex School District","=""0500011""","Eligible For Reduced Lunch","*"
"Essex School District","=""0500011""","Not Eligible For Lunch",2.4
"Explorations District","=""2720013""","American Indian or Alaska Native","*"
"Explorations District","=""2720013""","Asian","*"
"Explorations District","=""2720013""","Black or African American","*"
"Explorations District","=""2720013""","District",30.6
"Explorations District","=""2720013""","Eligible For Free Lunch",42.4
"Explorations District","=""2720013""","Female",30.9
"Explorations District","=""2720013""","Grade   9",31.8
"Explorations District","=""2720013""","Grade 10","*"
"Explorations District","=""2720013""","Grade 11","*"
"Explorations District","=""2720013""","Grade 12",38.1
"Explorations District","=""2720013""","Hispanic/Latino of any race","*"
"Explorations District","=""2720013""","Male",30.0
"Explorations District","=""2720013""","Non-ELL",30.6
"Explorations District","=""2720013""","Non-Special Education",28.8
"Explorations District","=""2720013""","Special Education",33.3
"Explorations District","=""2720013""","Two or More Races","*"
"Explorations District","=""2720013""","White",23.5
"Explorations District","=""2720013""","Eligible For Reduced Lunch","*"
"Explorations District","=""2720013""","Not Eligible For Lunch",22.4
"Fairfield School District","=""0510011""","Kindergarten",4.8
"Fairfield School District","=""0510011""","American Indian or Alaska Native","*"
"Fairfield School District","=""0510011""","Asian",3.1
"Fairfield School District","=""0510011""","Black or African American",3.7
"Fairfield School District","=""0510011""","District",3.8
"Fairfield School District","=""0510011""","ELL",5.2
"Fairfield School District","=""0510011""","Eligible For Free Lunch",8.9
"Fairfield School District","=""0510011""","Female",3.9
"Fairfield School District","=""0510011""","Grade   1",2.2
"Fairfield School District","=""0510011""","Grade   2",2.5
"Fairfield School District","=""0510011""","Grade   3",2.0
"Fairfield School District","=""0510011""","Grade   4",2.4
"Fairfield School District","=""0510011""","Grade   5",3.7
"Fairfield School District","=""0510011""","Grade   6",2.6
"Fairfield School District","=""0510011""","Grade   7",3.7
"Fairfield School District","=""0510011""","Grade   8",3.4
"Fairfield School District","=""0510011""","Grade   9",5.7
"Fairfield School District","=""0510011""","Grade 10",5.2
"Fairfield School District","=""0510011""","Grade 11",5.6
"Fairfield School District","=""0510011""","Grade 12",6.0
"Fairfield School District","=""0510011""","Hispanic/Latino of any race",4.9
"Fairfield School District","=""0510011""","Male",3.7
"Fairfield School District","=""0510011""","Native Hawaiian or Other Pacific Islander","*"
"Fairfield School District","=""0510011""","Non-ELL",3.8
"Fairfield School District","=""0510011""","Non-Special Education",3.2
"Fairfield School District","=""0510011""","Special Education",8.9
"Fairfield School District","=""0510011""","Two or More Races",5.4
"Fairfield School District","=""0510011""","White",3.7
"Fairfield School District","=""0510011""","Eligible For Reduced Lunch",7.1
"Fairfield School District","=""0510011""","Not Eligible For Lunch",3.3
"Farmington School District","=""0520011""","Kindergarten",4.2
"Farmington School District","=""0520011""","American Indian or Alaska Native","*"
"Farmington School District","=""0520011""","Asian",3.3
"Farmington School District","=""0520011""","Black or African American",10.6
"Farmington School District","=""0520011""","District",4.5
"Farmington School District","=""0520011""","ELL","*"
"Farmington School District","=""0520011""","Eligible For Free Lunch",12.7
"Farmington School District","=""0520011""","Female",3.8
"Farmington School District","=""0520011""","Grade   1",4.6
"Farmington School District","=""0520011""","Grade   2",2.8
"Farmington School District","=""0520011""","Grade   3",3.2
"Farmington School District","=""0520011""","Grade   4",2.1
"Farmington School District","=""0520011""","Grade   5",3.2
"Farmington School District","=""0520011""","Grade   6",3.7
"Farmington School District","=""0520011""","Grade   7",3.6
"Farmington School District","=""0520011""","Grade   8",5.4
"Farmington School District","=""0520011""","Grade   9","*"
"Farmington School District","=""0520011""","Grade 10",5.3
"Farmington School District","=""0520011""","Grade 11",5.4
"Farmington School District","=""0520011""","Grade 12",13.1
"Farmington School District","=""0520011""","Hispanic/Latino of any race",7.6
"Farmington School District","=""0520011""","Male",5.2
"Farmington School District","=""0520011""","Non-ELL",4.6
"Farmington School District","=""0520011""","Non-Special Education",3.2
"Farmington School District","=""0520011""","Special Education",13.5
"Farmington School District","=""0520011""","Two or More Races",10.5
"Farmington School District","=""0520011""","White",3.9
"Farmington School District","=""0520011""","Eligible For Reduced Lunch","*"
"Farmington School District","=""0520011""","Not Eligible For Lunch",3.6
"Franklin School District","=""0530011""","Kindergarten","*"
"Franklin School District","=""0530011""","American Indian or Alaska Native","*"
"Franklin School District","=""0530011""","Asian","*"
"Franklin School District","=""0530011""","District","*"
"Franklin School District","=""0530011""","Eligible For Free Lunch",0.0
"Franklin School District","=""0530011""","Female","*"
"Franklin School District","=""0530011""","Grade   1","*"
"Franklin School District","=""0530011""","Grade   2","*"
"Franklin School District","=""0530011""","Grade   3","*"
"Franklin School District","=""0530011""","Grade   4","*"
"Franklin School District","=""0530011""","Grade   5","*"
"Franklin School District","=""0530011""","Grade   6","*"
"Franklin School District","=""0530011""","Grade   7","*"
"Franklin School District","=""0530011""","Grade   8","*"
"Franklin School District","=""0530011""","Grade 11","*"
"Franklin School District","=""0530011""","Grade 12","*"
"Franklin School District","=""0530011""","Hispanic/Latino of any race","*"
"Franklin School District","=""0530011""","Male","*"
"Franklin School District","=""0530011""","Native Hawaiian or Other Pacific Islander","*"
"Franklin School District","=""0530011""","Non-ELL","*"
"Franklin School District","=""0530011""","Non-Special Education","*"
"Franklin School District","=""0530011""","Special Education","*"
"Franklin School District","=""0530011""","Two or More Races","*"
"Franklin School District","=""0530011""","White","*"
"Franklin School District","=""0530011""","Eligible For Reduced Lunch","*"
"Franklin School District","=""0530011""","Not Eligible For Lunch","*"
"Glastonbury School District","=""0540011""","Kindergarten",2.1
"Glastonbury School District","=""0540011""","American Indian or Alaska Native","*"
"Glastonbury School District","=""0540011""","Asian",2.0
"Glastonbury School District","=""0540011""","Black or African American",6.2
"Glastonbury School District","=""0540011""","District",2.7
"Glastonbury School District","=""0540011""","ELL","*"
"Glastonbury School District","=""0540011""","Eligible For Free Lunch",8.6
"Glastonbury School District","=""0540011""","Female",2.5
"Glastonbury School District","=""0540011""","Grade   1","*"
"Glastonbury School District","=""0540011""","Grade   2",1.5
"Glastonbury School District","=""0540011""","Grade   3",1.9
"Glastonbury School District","=""0540011""","Grade   4",2.0
"Glastonbury School District","=""0540011""","Grade   5",2.4
"Glastonbury School District","=""0540011""","Grade   6",2.3
"Glastonbury School District","=""0540011""","Grade   7",1.1
"Glastonbury School District","=""0540011""","Grade   8",2.9
"Glastonbury School District","=""0540011""","Grade   9",2.7
"Glastonbury School District","=""0540011""","Grade 10",5.1
"Glastonbury School District","=""0540011""","Grade 11",4.4
"Glastonbury School District","=""0540011""","Grade 12",4.3
"Glastonbury School District","=""0540011""","Hispanic/Latino of any race",5.7
"Glastonbury School District","=""0540011""","Male",2.9
"Glastonbury School District","=""0540011""","Native Hawaiian or Other Pacific Islander","*"
"Glastonbury School District","=""0540011""","Non-ELL",2.7
"Glastonbury School District","=""0540011""","Non-Special Education",2.1
"Glastonbury School District","=""0540011""","Special Education",7.8
"Glastonbury School District","=""0540011""","Two or More Races",3.7
"Glastonbury School District","=""0540011""","White",2.3
"Glastonbury School District","=""0540011""","Eligible For Reduced Lunch",8.0
"Glastonbury School District","=""0540011""","Not Eligible For Lunch",2.1
"Granby School District","=""0560011""","Kindergarten","*"
"Granby School District","=""0560011""","American Indian or Alaska Native","*"
"Granby School District","=""0560011""","Asian","*"
"Granby School District","=""0560011""","Black or African American",20.6
"Granby School District","=""0560011""","District",5.1
"Granby School District","=""0560011""","ELL","*"
"Granby School District","=""0560011""","Eligible For Free Lunch",20.7
"Granby School District","=""0560011""","Female",5.2
"Granby School District","=""0560011""","Grade   1","*"
"Granby School District","=""0560011""","Grade   2",8.6
"Granby School District","=""0560011""","Grade   3","*"
"Granby School District","=""0560011""","Grade   4","*"
"Granby School District","=""0560011""","Grade   5",5.6
"Granby School District","=""0560011""","Grade   6",5.1
"Granby School District","=""0560011""","Grade   7",5.3
"Granby School District","=""0560011""","Grade   8",6.4
"Granby School District","=""0560011""","Grade   9",3.4
"Granby School District","=""0560011""","Grade 10",5.8
"Granby School District","=""0560011""","Grade 11",7.6
"Granby School District","=""0560011""","Grade 12",6.3
"Granby School District","=""0560011""","Hispanic/Latino of any race","*"
"Granby School District","=""0560011""","Male",5.1
"Granby School District","=""0560011""","Non-ELL",5.2
"Granby School District","=""0560011""","Non-Special Education",4.2
"Granby School District","=""0560011""","Special Education",12.3
"Granby School District","=""0560011""","Two or More Races","*"
"Granby School District","=""0560011""","White",4.2
"Granby School District","=""0560011""","Eligible For Reduced Lunch","*"
"Granby School District","=""0560011""","Not Eligible For Lunch",3.8
"Great Oaks Charter School District","=""2940013""","Black or African American",13.8
"Great Oaks Charter School District","=""2940013""","District",15.1
"Great Oaks Charter School District","=""2940013""","ELL","*"
"Great Oaks Charter School District","=""2940013""","Eligible For Free Lunch",17.2
"Great Oaks Charter School District","=""2940013""","Female",13.5
"Great Oaks Charter School District","=""2940013""","Grade   6",14.2
"Great Oaks Charter School District","=""2940013""","Grade   7",16.0
"Great Oaks Charter School District","=""2940013""","Hispanic/Latino of any race",15.4
"Great Oaks Charter School District","=""2940013""","Male",16.7
"Great Oaks Charter School District","=""2940013""","Non-ELL",15.3
"Great Oaks Charter School District","=""2940013""","Non-Special Education",14.6
"Great Oaks Charter School District","=""2940013""","Special Education",17.6
"Great Oaks Charter School District","=""2940013""","Two or More Races","*"
"Great Oaks Charter School District","=""2940013""","White","*"
"Great Oaks Charter School District","=""2940013""","Eligible For Reduced Lunch","*"
"Great Oaks Charter School District","=""2940013""","Not Eligible For Lunch","*"
"Greenwich School District","=""0570011""","Kindergarten",4.1
"Greenwich School District","=""0570011""","American Indian or Alaska Native","*"
"Greenwich School District","=""0570011""","Asian",1.2
"Greenwich School District","=""0570011""","Black or African American",6.9
"Greenwich School District","=""0570011""","District",3.8
"Greenwich School District","=""0570011""","ELL",2.9
"Greenwich School District","=""0570011""","Eligible For Free Lunch",9.9
"Greenwich School District","=""0570011""","Female",3.9
"Greenwich School District","=""0570011""","Grade   1",2.1
"Greenwich School District","=""0570011""","Grade   2",1.8
"Greenwich School District","=""0570011""","Grade   3",1.1
"Greenwich School District","=""0570011""","Grade   4",1.9
"Greenwich School District","=""0570011""","Grade   5",2.0
"Greenwich School District","=""0570011""","Grade   6",1.9
"Greenwich School District","=""0570011""","Grade   7",2.0
"Greenwich School District","=""0570011""","Grade   8",3.0
"Greenwich School District","=""0570011""","Grade   9",5.1
"Greenwich School District","=""0570011""","Grade 10",4.5
"Greenwich School District","=""0570011""","Grade 11",8.3
"Greenwich School District","=""0570011""","Grade 12",11.9
"Greenwich School District","=""0570011""","Hispanic/Latino of any race",5.7
"Greenwich School District","=""0570011""","Male",3.7
"Greenwich School District","=""0570011""","Native Hawaiian or Other Pacific Islander","*"
"Greenwich School District","=""0570011""","Non-ELL",3.8
"Greenwich School District","=""0570011""","Non-Special Education",3.2
"Greenwich School District","=""0570011""","Special Education",8.4
"Greenwich School District","=""0570011""","Two or More Races","*"
"Greenwich School District","=""0570011""","White",3.4
"Greenwich School District","=""0570011""","Eligible For Reduced Lunch",4.1
"Greenwich School District","=""0570011""","Not Eligible For Lunch",3.0
"Griswold School District","=""0580011""","Kindergarten",7.7
"Griswold School District","=""0580011""","American Indian or Alaska Native","*"
"Griswold School District","=""0580011""","Asian","*"
"Griswold School District","=""0580011""","Black or African American",13.0
"Griswold School District","=""0580011""","District",9.1
"Griswold School District","=""0580011""","ELL","*"
"Griswold School District","=""0580011""","Eligible For Free Lunch",17.1
"Griswold School District","=""0580011""","Female",8.8
"Griswold School District","=""0580011""","Grade   1",4.7
"Griswold School District","=""0580011""","Grade   2",5.5
"Griswold School District","=""0580011""","Grade   3","*"
"Griswold School District","=""0580011""","Grade   4","*"
"Griswold School District","=""0580011""","Grade   5",4.8
"Griswold School District","=""0580011""","Grade   6",9.6
"Griswold School District","=""0580011""","Grade   7",9.5
"Griswold School District","=""0580011""","Grade   8",12.1
"Griswold School District","=""0580011""","Grade   9",13.8
"Griswold School District","=""0580011""","Grade 10",12.7
"Griswold School District","=""0580011""","Grade 11",13.5
"Griswold School District","=""0580011""","Grade 12",17.9
"Griswold School District","=""0580011""","Hispanic/Latino of any race",10.3
"Griswold School District","=""0580011""","Male",9.4
"Griswold School District","=""0580011""","Native Hawaiian or Other Pacific Islander","*"
"Griswold School District","=""0580011""","Non-ELL",9.1
"Griswold School District","=""0580011""","Non-Special Education",7.7
"Griswold School District","=""0580011""","Special Education",17.3
"Griswold School District","=""0580011""","Two or More Races","*"
"Griswold School District","=""0580011""","White",9.2
"Griswold School District","=""0580011""","Eligible For Reduced Lunch",14.1
"Griswold School District","=""0580011""","Not Eligible For Lunch",4.5
"Groton School District","=""0590011""","Kindergarten",9.6
"Groton School District","=""0590011""","American Indian or Alaska Native","*"
"Groton School District","=""0590011""","Asian",7.0
"Groton School District","=""0590011""","Black or African American",13.6
"Groton School District","=""0590011""","District",11.1
"Groton School District","=""0590011""","ELL",10.2
"Groton School District","=""0590011""","Eligible For Free Lunch",18.4
"Groton School District","=""0590011""","Female",10.5
"Groton School District","=""0590011""","Grade   1",9.1
"Groton School District","=""0590011""","Grade   2",3.5
"Groton School District","=""0590011""","Grade   3",7.5
"Groton School District","=""0590011""","Grade   4",5.4
"Groton School District","=""0590011""","Grade   5",6.5
"Groton School District","=""0590011""","Grade   6",12.4
"Groton School District","=""0590011""","Grade   7",9.7
"Groton School District","=""0590011""","Grade   8",8.9
"Groton School District","=""0590011""","Grade   9",17.2
"Groton School District","=""0590011""","Grade 10",14.6
"Groton School District","=""0590011""","Grade 11",13.4
"Groton School District","=""0590011""","Grade 12",34.6
"Groton School District","=""0590011""","Hispanic/Latino of any race",14.6
"Groton School District","=""0590011""","Male",11.7
"Groton School District","=""0590011""","Native Hawaiian or Other Pacific Islander","*"
"Groton School District","=""0590011""","Non-ELL",11.1
"Groton School District","=""0590011""","Non-Special Education",9.6
"Groton School District","=""0590011""","Special Education",19.0
"Groton School District","=""0590011""","Two or More Races",9.7
"Groton School District","=""0590011""","White",10.2
"Groton School District","=""0590011""","Eligible For Reduced Lunch",10.0
"Groton School District","=""0590011""","Not Eligible For Lunch",6.7
"Guilford School District","=""0600011""","Kindergarten",2.7
"Guilford School District","=""0600011""","American Indian or Alaska Native","*"
"Guilford School District","=""0600011""","Asian","*"
"Guilford School District","=""0600011""","Black or African American","*"
"Guilford School District","=""0600011""","District",4.6
"Guilford School District","=""0600011""","ELL","*"
"Guilford School District","=""0600011""","Eligible For Free Lunch",10.6
"Guilford School District","=""0600011""","Female",4.2
"Guilford School District","=""0600011""","Grade   1",4.4
"Guilford School District","=""0600011""","Grade   2",2.8
"Guilford School District","=""0600011""","Grade   3",3.4
"Guilford School District","=""0600011""","Grade   4",4.1
"Guilford School District","=""0600011""","Grade   5",4.7
"Guilford School District","=""0600011""","Grade   6",7.0
"Guilford School District","=""0600011""","Grade   7",4.5
"Guilford School District","=""0600011""","Grade   8",7.8
"Guilford School District","=""0600011""","Grade   9",2.5
"Guilford School District","=""0600011""","Grade 10",5.1
"Guilford School District","=""0600011""","Grade 11",3.4
"Guilford School District","=""0600011""","Grade 12",6.9
"Guilford School District","=""0600011""","Hispanic/Latino of any race",6.6
"Guilford School District","=""0600011""","Male",5.0
"Guilford School District","=""0600011""","Native Hawaiian or Other Pacific Islander","*"
"Guilford School District","=""0600011""","Non-ELL",4.6
"Guilford School District","=""0600011""","Non-Special Education",3.7
"Guilford School District","=""0600011""","Special Education",11.7
"Guilford School District","=""0600011""","Two or More Races",7.9
"Guilford School District","=""0600011""","White",4.5
"Guilford School District","=""0600011""","Eligible For Reduced Lunch","*"
"Guilford School District","=""0600011""","Not Eligible For Lunch",4.2
"Hamden School District","=""0620011""","Kindergarten",10.2
"Hamden School District","=""0620011""","American Indian or Alaska Native","*"
"Hamden School District","=""0620011""","Asian",8.9
"Hamden School District","=""0620011""","Black or African American",24.6
"Hamden School District","=""0620011""","District",18.4
"Hamden School District","=""0620011""","ELL",19.7
"Hamden School District","=""0620011""","Eligible For Free Lunch",27.2
"Hamden School District","=""0620011""","Female",18.9
"Hamden School District","=""0620011""","Grade   1",9.7
"Hamden School District","=""0620011""","Grade   2",7.8
"Hamden School District","=""0620011""","Grade   3",6.1
"Hamden School District","=""0620011""","Grade   4",7.6
"Hamden School District","=""0620011""","Grade   5",5.5
"Hamden School District","=""0620011""","Grade   6",8.9
"Hamden School District","=""0620011""","Grade   7",14.0
"Hamden School District","=""0620011""","Grade   8",20.6
"Hamden School District","=""0620011""","Grade   9",26.2
"Hamden School District","=""0620011""","Grade 10",28.9
"Hamden School District","=""0620011""","Grade 11",34.9
"Hamden School District","=""0620011""","Grade 12",53.0
"Hamden School District","=""0620011""","Hispanic/Latino of any race",21.6
"Hamden School District","=""0620011""","Male",17.9
"Hamden School District","=""0620011""","Native Hawaiian or Other Pacific Islander","*"
"Hamden School District","=""0620011""","Non-ELL",18.3
"Hamden School District","=""0620011""","Non-Special Education",16.3
"Hamden School District","=""0620011""","Special Education",27.9
"Hamden School District","=""0620011""","Two or More Races",13.3
"Hamden School District","=""0620011""","White",14.9
"Hamden School District","=""0620011""","Eligible For Reduced Lunch",19.5
"Hamden School District","=""0620011""","Not Eligible For Lunch",13.4
"Hampton School District","=""0630011""","Kindergarten","*"
"Hampton School District","=""0630011""","Black or African American","*"
"Hampton School District","=""0630011""","District",7.9
"Hampton School District","=""0630011""","Eligible For Free Lunch","*"
"Hampton School District","=""0630011""","Female","*"
"Hampton School District","=""0630011""","Grade   1","*"
"Hampton School District","=""0630011""","Grade   2","*"
"Hampton School District","=""0630011""","Grade   3","*"
"Hampton School District","=""0630011""","Grade   4","*"
"Hampton School District","=""0630011""","Grade   5","*"
"Hampton School District","=""0630011""","Grade   6","*"
"Hampton School District","=""0630011""","Hispanic/Latino of any race","*"
"Hampton School District","=""0630011""","Male","*"
"Hampton School District","=""0630011""","Non-ELL",7.9
"Hampton School District","=""0630011""","Non-Special Education","*"
"Hampton School District","=""0630011""","Special Education","*"
"Hampton School District","=""0630011""","Two or More Races","*"
"Hampton School District","=""0630011""","White",7.5
"Hampton School District","=""0630011""","Eligible For Reduced Lunch","*"
"Hampton School District","=""0630011""","Not Eligible For Lunch","*"
"Hartford School District","=""0640011""","Kindergarten",22.5
"Hartford School District","=""0640011""","American Indian or Alaska Native","*"
"Hartford School District","=""0640011""","Asian",7.6
"Hartford School District","=""0640011""","Black or African American",19.8
"Hartford School District","=""0640011""","District",22.4
"Hartford School District","=""0640011""","ELL",29.1
"Hartford School District","=""0640011""","Eligible For Free Lunch",26.0
"Hartford School District","=""0640011""","Female",21.3
"Hartford School District","=""0640011""","Grade   1",20.1
"Hartford School District","=""0640011""","Grade   2",16.3
"Hartford School District","=""0640011""","Grade   3",17.4
"Hartford School District","=""0640011""","Grade   4",15.4
"Hartford School District","=""0640011""","Grade   5",15.3
"Hartford School District","=""0640011""","Grade   6",17.2
"Hartford School District","=""0640011""","Grade   7",18.2
"Hartford School District","=""0640011""","Grade   8",19.2
"Hartford School District","=""0640011""","Grade   9",33.6
"Hartford School District","=""0640011""","Grade 10",29.0
"Hartford School District","=""0640011""","Grade 11",34.7
"Hartford School District","=""0640011""","Grade 12",36.7
"Hartford School District","=""0640011""","Hispanic/Latino of any race",27.8
"Hartford School District","=""0640011""","Male",23.3
"Hartford School District","=""0640011""","Native Hawaiian or Other Pacific Islander","*"
"Hartford School District","=""0640011""","Non-ELL",20.7
"Hartford School District","=""0640011""","Non-Special Education",19.4
"Hartford School District","=""0640011""","Special Education",35.8
"Hartford School District","=""0640011""","Two or More Races",12.0
"Hartford School District","=""0640011""","White",8.6
"Hartford School District","=""0640011""","Eligible For Reduced Lunch",6.4
"Hartford School District","=""0640011""","Not Eligible For Lunch",7.7
"Hartland School District","=""0650011""","Kindergarten","*"
"Hartland School District","=""0650011""","American Indian or Alaska Native","*"
"Hartland School District","=""0650011""","Asian","*"
"Hartland School District","=""0650011""","Black or African American","*"
"Hartland School District","=""0650011""","District","*"
"Hartland School District","=""0650011""","Eligible For Free Lunch","*"
"Hartland School District","=""0650011""","Female","*"
"Hartland School District","=""0650011""","Grade   1","*"
"Hartland School District","=""0650011""","Grade   2","*"
"Hartland School District","=""0650011""","Grade   3","*"
"Hartland School District","=""0650011""","Grade   4","*"
"Hartland School District","=""0650011""","Grade   5","*"
"Hartland School District","=""0650011""","Grade   6","*"
"Hartland School District","=""0650011""","Grade   7",0.0
"Hartland School District","=""0650011""","Grade   8","*"
"Hartland School District","=""0650011""","Hispanic/Latino of any race","*"
"Hartland School District","=""0650011""","Male","*"
"Hartland School District","=""0650011""","Native Hawaiian or Other Pacific Islander","*"
"Hartland School District","=""0650011""","Non-ELL","*"
"Hartland School District","=""0650011""","Non-Special Education","*"
"Hartland School District","=""0650011""","Special Education","*"
"Hartland School District","=""0650011""","Two or More Races","*"
"Hartland School District","=""0650011""","White","*"
"Hartland School District","=""0650011""","Eligible For Reduced Lunch","*"
"Hartland School District","=""0650011""","Not Eligible For Lunch","*"
"Hebron School District","=""0670011""","Kindergarten","*"
"Hebron School District","=""0670011""","American Indian or Alaska Native","*"
"Hebron School District","=""0670011""","Asian","*"
"Hebron School District","=""0670011""","Black or African American","*"
"Hebron School District","=""0670011""","District",1.6
"Hebron School District","=""0670011""","ELL","*"
"Hebron School District","=""0670011""","Eligible For Free Lunch","*"
"Hebron School District","=""0670011""","Female","*"
"Hebron School District","=""0670011""","Grade   1",0.0
"Hebron School District","=""0670011""","Grade   2",0.0
"Hebron School District","=""0670011""","Grade   3",0.0
"Hebron School District","=""0670011""","Grade   4","*"
"Hebron School District","=""0670011""","Grade   5","*"
"Hebron School District","=""0670011""","Grade   6","*"
"Hebron School District","=""0670011""","Hispanic/Latino of any race",0.0
"Hebron School District","=""0670011""","Male",1.6
"Hebron School District","=""0670011""","Non-ELL",1.6
"Hebron School District","=""0670011""","Non-Special Education",1.5
"Hebron School District","=""0670011""","Special Education","*"
"Hebron School District","=""0670011""","Two or More Races","*"
"Hebron School District","=""0670011""","White",1.5
"Hebron School District","=""0670011""","Eligible For Reduced Lunch","*"
"Hebron School District","=""0670011""","Not Eligible For Lunch",1.3
"Highville Charter School District","=""2860013""","Kindergarten","*"
"Highville Charter School District","=""2860013""","Black or African American",6.0
"Highville Charter School District","=""2860013""","District",7.0
"Highville Charter School District","=""2860013""","ELL","*"
"Highville Charter School District","=""2860013""","Eligible For Free Lunch",3.5
"Highville Charter School District","=""2860013""","Female",7.3
"Highville Charter School District","=""2860013""","Grade   1","*"
"Highville Charter School District","=""2860013""","Grade   2","*"
"Highville Charter School District","=""2860013""","Grade   3","*"
"Highville Charter School District","=""2860013""","Grade   4","*"
"Highville Charter School District","=""2860013""","Grade   5","*"
"Highville Charter School District","=""2860013""","Grade   6","*"
"Highville Charter School District","=""2860013""","Grade   7","*"
"Highville Charter School District","=""2860013""","Grade   8","*"
"Highville Charter School District","=""2860013""","Grade   9","*"
"Highville Charter School District","=""2860013""","Grade 10","*"
"Highville Charter School District","=""2860013""","Grade 11","*"
"Highville Charter School District","=""2860013""","Hispanic/Latino of any race","*"
"Highville Charter School District","=""2860013""","Male",6.7
"Highville Charter School District","=""2860013""","Non-ELL",7.1
"Highville Charter School District","=""2860013""","Non-Special Education",6.8
"Highville Charter School District","=""2860013""","Special Education","*"
"Highville Charter School District","=""2860013""","Two or More Races","*"
"Highville Charter School District","=""2860013""","White","*"
"Highville Charter School District","=""2860013""","Eligible For Reduced Lunch","*"
"Highville Charter School District","=""2860013""","Not Eligible For Lunch",10.7
"Integrated Day Charter School District","=""2640013""","Kindergarten","*"
"Integrated Day Charter School District","=""2640013""","American Indian or Alaska Native","*"
"Integrated Day Charter School District","=""2640013""","Asian","*"
"Integrated Day Charter School District","=""2640013""","Black or African American","*"
"Integrated Day Charter School District","=""2640013""","District",4.4
"Integrated Day Charter School District","=""2640013""","ELL","*"
"Integrated Day Charter School District","=""2640013""","Eligible For Free Lunch",7.6
"Integrated Day Charter School District","=""2640013""","Female","*"
"Integrated Day Charter School District","=""2640013""","Grade   1","*"
"Integrated Day Charter School District","=""2640013""","Grade   2",0.0
"Integrated Day Charter School District","=""2640013""","Grade   3","*"
"Integrated Day Charter School District","=""2640013""","Grade   4",0.0
"Integrated Day Charter School District","=""2640013""","Grade   5","*"
"Integrated Day Charter School District","=""2640013""","Grade   6","*"
"Integrated Day Charter School District","=""2640013""","Grade   7","*"
"Integrated Day Charter School District","=""2640013""","Grade   8","*"
"Integrated Day Charter School District","=""2640013""","Hispanic/Latino of any race","*"
"Integrated Day Charter School District","=""2640013""","Male",5.3
"Integrated Day Charter School District","=""2640013""","Non-ELL",4.1
"Integrated Day Charter School District","=""2640013""","Non-Special Education",4.1
"Integrated Day Charter School District","=""2640013""","Special Education","*"
"Integrated Day Charter School District","=""2640013""","Two or More Races","*"
"Integrated Day Charter School District","=""2640013""","White",3.7
"Integrated Day Charter School District","=""2640013""","Eligible For Reduced Lunch",0.0
"Integrated Day Charter School District","=""2640013""","Not Eligible For Lunch",3.7
"Interdistrict School for Arts and Comm District","=""2650013""","American Indian or Alaska Native","*"
"Interdistrict School for Arts and Comm District","=""2650013""","Asian","*"
"Interdistrict School for Arts and Comm District","=""2650013""","Black or African American","*"
"Interdistrict School for Arts and Comm District","=""2650013""","District",7.3
"Interdistrict School for Arts and Comm District","=""2650013""","ELL","*"
"Interdistrict School for Arts and Comm District","=""2650013""","Eligible For Free Lunch",9.5
"Interdistrict School for Arts and Comm District","=""2650013""","Female",6.2
"Interdistrict School for Arts and Comm District","=""2650013""","Grade   6","*"
"Interdistrict School for Arts and Comm District","=""2650013""","Grade   7",10.6
"Interdistrict School for Arts and Comm District","=""2650013""","Grade   8",8.1
"Interdistrict School for Arts and Comm District","=""2650013""","Hispanic/Latino of any race",10.5
"Interdistrict School for Arts and Comm District","=""2650013""","Male",8.3
"Interdistrict School for Arts and Comm District","=""2650013""","Native Hawaiian or Other Pacific Islander","*"
"Interdistrict School for Arts and Comm District","=""2650013""","Non-ELL",6.8
"Interdistrict School for Arts and Comm District","=""2650013""","Non-Special Education",7.4
"Interdistrict School for Arts and Comm District","=""2650013""","Special Education","*"
"Interdistrict School for Arts and Comm District","=""2650013""","Two or More Races","*"
"Interdistrict School for Arts and Comm District","=""2650013""","White","*"
"Interdistrict School for Arts and Comm District","=""2650013""","Eligible For Reduced Lunch","*"
"Interdistrict School for Arts and Comm District","=""2650013""","Not Eligible For Lunch","*"
"Jumoke Academy District","=""2610013""","Kindergarten",9.7
"Jumoke Academy District","=""2610013""","Asian","*"
"Jumoke Academy District","=""2610013""","Black or African American",6.3
"Jumoke Academy District","=""2610013""","District",6.3
"Jumoke Academy District","=""2610013""","Eligible For Free Lunch",7.6
"Jumoke Academy District","=""2610013""","Female",5.9
"Jumoke Academy District","=""2610013""","Grade   1",10.4
"Jumoke Academy District","=""2610013""","Grade   2",8.0
"Jumoke Academy District","=""2610013""","Grade   3","*"
"Jumoke Academy District","=""2610013""","Grade   4","*"
"Jumoke Academy District","=""2610013""","Grade   5","*"
"Jumoke Academy District","=""2610013""","Grade   6","*"
"Jumoke Academy District","=""2610013""","Grade   7",9.7
"Jumoke Academy District","=""2610013""","Grade   8",9.3
"Jumoke Academy District","=""2610013""","Grade   9","*"
"Jumoke Academy District","=""2610013""","Grade 10","*"
"Jumoke Academy District","=""2610013""","Grade 11","*"
"Jumoke Academy District","=""2610013""","Grade 12","*"
"Jumoke Academy District","=""2610013""","Hispanic/Latino of any race",0.0
"Jumoke Academy District","=""2610013""","Male",6.8
"Jumoke Academy District","=""2610013""","Non-ELL",6.3
"Jumoke Academy District","=""2610013""","Non-Special Education",6.0
"Jumoke Academy District","=""2610013""","Special Education","*"
"Jumoke Academy District","=""2610013""","Two or More Races","*"
"Jumoke Academy District","=""2610013""","Eligible For Reduced Lunch","*"
"Jumoke Academy District","=""2610013""","Not Eligible For Lunch",4.7
"Kent School District","=""0680011""","Kindergarten","*"
"Kent School District","=""0680011""","Asian","*"
"Kent School District","=""0680011""","District",2.6
"Kent School District","=""0680011""","ELL","*"
"Kent School District","=""0680011""","Eligible For Free Lunch",0.0
"Kent School District","=""0680011""","Female","*"
"Kent School District","=""0680011""","Grade   1","*"
"Kent School District","=""0680011""","Grade   2",0.0
"Kent School District","=""0680011""","Grade   3",0.0
"Kent School District","=""0680011""","Grade   4","*"
"Kent School District","=""0680011""","Grade   5","*"
"Kent School District","=""0680011""","Grade   6","*"
"Kent School District","=""0680011""","Grade   7","*"
"Kent School District","=""0680011""","Grade   8",0.0
"Kent School District","=""0680011""","Hispanic/Latino of any race",0.0
"Kent School District","=""0680011""","Male","*"
"Kent School District","=""0680011""","Non-ELL",2.7
"Kent School District","=""0680011""","Non-Special Education","*"
"Kent School District","=""0680011""","Special Education","*"
"Kent School District","=""0680011""","Two or More Races","*"
"Kent School District","=""0680011""","White",3.2
"Kent School District","=""0680011""","Eligible For Reduced Lunch","*"
"Kent School District","=""0680011""","Not Eligible For Lunch",3.1
"Killingly School District","=""0690011""","Kindergarten",10.2
"Killingly School District","=""0690011""","American Indian or Alaska Native",22.2
"Killingly School District","=""0690011""","Asian","*"
"Killingly School District","=""0690011""","Black or African American",19.4
"Killingly School District","=""0690011""","District",11.3
"Killingly School District","=""0690011""","ELL","*"
"Killingly School District","=""0690011""","Eligible For Free Lunch",15.9
"Killingly School District","=""0690011""","Female",11.2
"Killingly School District","=""0690011""","Grade   1",9.8
"Killingly School District","=""0690011""","Grade   2",4.1
"Killingly School District","=""0690011""","Grade   3","*"
"Killingly School District","=""0690011""","Grade   4","*"
"Killingly School District","=""0690011""","Grade   5",8.4
"Killingly School District","=""0690011""","Grade   6",11.8
"Killingly School District","=""0690011""","Grade   7",6.5
"Killingly School District","=""0690011""","Grade   8",12.6
"Killingly School District","=""0690011""","Grade   9",12.7
"Killingly School District","=""0690011""","Grade 10",17.8
"Killingly School District","=""0690011""","Grade 11",13.3
"Killingly School District","=""0690011""","Grade 12",31.3
"Killingly School District","=""0690011""","Hispanic/Latino of any race",9.8
"Killingly School District","=""0690011""","Male",11.4
"Killingly School District","=""0690011""","Non-ELL",11.4
"Killingly School District","=""0690011""","Non-Special Education",11.1
"Killingly School District","=""0690011""","Special Education",12.5
"Killingly School District","=""0690011""","Two or More Races",7.6
"Killingly School District","=""0690011""","White",11.6
"Killingly School District","=""0690011""","Eligible For Reduced Lunch",9.6
"Killingly School District","=""0690011""","Not Eligible For Lunch",8.6
"Learn","=""2450014""","Kindergarten",13.7
"Learn","=""2450014""","American Indian or Alaska Native","*"
"Learn","=""2450014""","Asian","*"
"Learn","=""2450014""","Black or African American",10.2
"Learn","=""2450014""","District",10.2
"Learn","=""2450014""","ELL",10.5
"Learn","=""2450014""","Eligible For Free Lunch",14.3
"Learn","=""2450014""","Female",11.5
"Learn","=""2450014""","Grade   1",9.3
"Learn","=""2450014""","Grade   2",10.3
"Learn","=""2450014""","Grade   3","*"
"Learn","=""2450014""","Grade   4","*"
"Learn","=""2450014""","Grade   5","*"
"Learn","=""2450014""","Grade   6","*"
"Learn","=""2450014""","Grade   7",13.5
"Learn","=""2450014""","Grade   8","*"
"Learn","=""2450014""","Grade   9",8.5
"Learn","=""2450014""","Grade 10",9.7
"Learn","=""2450014""","Grade 11",10.7
"Learn","=""2450014""","Grade 12",15.4
"Learn","=""2450014""","Hispanic/Latino of any race",12.8
"Learn","=""2450014""","Male",8.7
"Learn","=""2450014""","Native Hawaiian or Other Pacific Islander","*"
"Learn","=""2450014""","Non-ELL",10.1
"Learn","=""2450014""","Non-Special Education",9.2
"Learn","=""2450014""","Special Education",15.8
"Learn","=""2450014""","Two or More Races",9.5
"Learn","=""2450014""","White",7.8
"Learn","=""2450014""","Eligible For Reduced Lunch",7.9
"Learn","=""2450014""","Not Eligible For Lunch",6.3
"Lebanon School District","=""0710011""","Kindergarten","*"
"Lebanon School District","=""0710011""","American Indian or Alaska Native","*"
"Lebanon School District","=""0710011""","Asian","*"
"Lebanon School District","=""0710011""","Black or African American","*"
"Lebanon School District","=""0710011""","District",6.5
"Lebanon School District","=""0710011""","ELL","*"
"Lebanon School District","=""0710011""","Eligible For Free Lunch",13.9
"Lebanon School District","=""0710011""","Female",6.3
"Lebanon School District","=""0710011""","Grade   1","*"
"Lebanon School District","=""0710011""","Grade   2","*"
"Lebanon School District","=""0710011""","Grade   3","*"
"Lebanon School District","=""0710011""","Grade   4","*"
"Lebanon School District","=""0710011""","Grade   5","*"
"Lebanon School District","=""0710011""","Grade   6","*"
"Lebanon School District","=""0710011""","Grade   7",7.4
"Lebanon School District","=""0710011""","Grade   8","*"
"Lebanon School District","=""0710011""","Grade   9","*"
"Lebanon School District","=""0710011""","Grade 10",14.6
"Lebanon School District","=""0710011""","Grade 11",9.4
"Lebanon School District","=""0710011""","Grade 12",18.5
"Lebanon School District","=""0710011""","Hispanic/Latino of any race","*"
"Lebanon School District","=""0710011""","Male",6.6
"Lebanon School District","=""0710011""","Native Hawaiian or Other Pacific Islander","*"
"Lebanon School District","=""0710011""","Non-ELL",6.5
"Lebanon School District","=""0710011""","Non-Special Education",5.2
"Lebanon School District","=""0710011""","Special Education",14.0
"Lebanon School District","=""0710011""","Two or More Races","*"
"Lebanon School District","=""0710011""","White",6.6
"Lebanon School District","=""0710011""","Eligible For Reduced Lunch","*"
"Lebanon School District","=""0710011""","Not Eligible For Lunch",5.2
"Ledyard School District","=""0720011""","Kindergarten",4.9
"Ledyard School District","=""0720011""","American Indian or Alaska Native",16.5
"Ledyard School District","=""0720011""","Asian",0.0
"Ledyard School District","=""0720011""","Black or African American",8.6
"Ledyard School District","=""0720011""","District",7.2
"Ledyard School District","=""0720011""","ELL","*"
"Ledyard School District","=""0720011""","Eligible For Free Lunch",15.4
"Ledyard School District","=""0720011""","Female",7.6
"Ledyard School District","=""0720011""","Grade   1",5.0
"Ledyard School District","=""0720011""","Grade   2",7.9
"Ledyard School District","=""0720011""","Grade   3",5.7
"Ledyard School District","=""0720011""","Grade   4","*"
"Ledyard School District","=""0720011""","Grade   5","*"
"Ledyard School District","=""0720011""","Grade   6",4.7
"Ledyard School District","=""0720011""","Grade   7","*"
"Ledyard School District","=""0720011""","Grade   8",6.3
"Ledyard School District","=""0720011""","Grade   9",8.0
"Ledyard School District","=""0720011""","Grade 10",6.6
"Ledyard School District","=""0720011""","Grade 11",10.6
"Ledyard School District","=""0720011""","Grade 12",21.5
"Ledyard School District","=""0720011""","Hispanic/Latino of any race",8.6
"Ledyard School District","=""0720011""","Male",6.9
"Ledyard School District","=""0720011""","Native Hawaiian or Other Pacific Islander","*"
"Ledyard School District","=""0720011""","Non-ELL",7.2
"Ledyard School District","=""0720011""","Non-Special Education",6.6
"Ledyard School District","=""0720011""","Special Education",10.1
"Ledyard School District","=""0720011""","Two or More Races",5.9
"Ledyard School District","=""0720011""","White",6.9
"Ledyard School District","=""0720011""","Eligible For Reduced Lunch",5.6
"Ledyard School District","=""0720011""","Not Eligible For Lunch",5.5
"Lisbon School District","=""0730011""","Kindergarten","*"
"Lisbon School District","=""0730011""","American Indian or Alaska Native","*"
"Lisbon School District","=""0730011""","Asian","*"
"Lisbon School District","=""0730011""","Black or African American","*"
"Lisbon School District","=""0730011""","District",5.0
"Lisbon School District","=""0730011""","ELL","*"
"Lisbon School District","=""0730011""","Eligible For Free Lunch",10.1
"Lisbon School District","=""0730011""","Female",4.5
"Lisbon School District","=""0730011""","Grade   1",0.0
"Lisbon School District","=""0730011""","Grade   2","*"
"Lisbon School District","=""0730011""","Grade   3",0.0
"Lisbon School District","=""0730011""","Grade   4",0.0
"Lisbon School District","=""0730011""","Grade   5","*"
"Lisbon School District","=""0730011""","Grade   6","*"
"Lisbon School District","=""0730011""","Grade   7",11.8
"Lisbon School District","=""0730011""","Grade   8","*"
"Lisbon School District","=""0730011""","Grade   9","*"
"Lisbon School District","=""0730011""","Grade 10","*"
"Lisbon School District","=""0730011""","Grade 12","*"
"Lisbon School District","=""0730011""","Hispanic/Latino of any race","*"
"Lisbon School District","=""0730011""","Male",5.5
"Lisbon School District","=""0730011""","Native Hawaiian or Other Pacific Islander","*"
"Lisbon School District","=""0730011""","Non-ELL",5.0
"Lisbon School District","=""0730011""","Non-Special Education",3.9
"Lisbon School District","=""0730011""","Special Education",12.2
"Lisbon School District","=""0730011""","Two or More Races","*"
"Lisbon School District","=""0730011""","White",4.4
"Lisbon School District","=""0730011""","Eligible For Reduced Lunch","*"
"Lisbon School District","=""0730011""","Not Eligible For Lunch",3.7
"Litchfield School District","=""0740011""","Kindergarten",18.3
"Litchfield School District","=""0740011""","Asian","*"
"Litchfield School District","=""0740011""","Black or African American","*"
"Litchfield School District","=""0740011""","District",9.2
"Litchfield School District","=""0740011""","ELL","*"
"Litchfield School District","=""0740011""","Eligible For Free Lunch",17.9
"Litchfield School District","=""0740011""","Female",6.7
"Litchfield School District","=""0740011""","Grade   1",17.4
"Litchfield School District","=""0740011""","Grade   2",12.5
"Litchfield School District","=""0740011""","Grade   3","*"
"Litchfield School District","=""0740011""","Grade   4","*"
"Litchfield School District","=""0740011""","Grade   5","*"
"Litchfield School District","=""0740011""","Grade   6","*"
"Litchfield School District","=""0740011""","Grade   7","*"
"Litchfield School District","=""0740011""","Grade   8","*"
"Litchfield School District","=""0740011""","Grade   9","*"
"Litchfield School District","=""0740011""","Grade 10","*"
"Litchfield School District","=""0740011""","Grade 11",19.0
"Litchfield School District","=""0740011""","Grade 12",14.9
"Litchfield School District","=""0740011""","Hispanic/Latino of any race","*"
"Litchfield School District","=""0740011""","Male",11.3
"Litchfield School District","=""0740011""","Native Hawaiian or Other Pacific Islander","*"
"Litchfield School District","=""0740011""","Non-ELL",9.2
"Litchfield School District","=""0740011""","Non-Special Education",8.3
"Litchfield School District","=""0740011""","Special Education",15.3
"Litchfield School District","=""0740011""","Two or More Races","*"
"Litchfield School District","=""0740011""","White",9.3
"Litchfield School District","=""0740011""","Eligible For Reduced Lunch","*"
"Litchfield School District","=""0740011""","Not Eligible For Lunch",7.8
"Madison School District","=""0760011""","Kindergarten","*"
"Madison School District","=""0760011""","American Indian or Alaska Native","*"
"Madison School District","=""0760011""","Asian","*"
"Madison School District","=""0760011""","Black or African American",0.0
"Madison School District","=""0760011""","District",1.9
"Madison School District","=""0760011""","ELL","*"
"Madison School District","=""0760011""","Eligible For Free Lunch","*"
"Madison School District","=""0760011""","Female",2.0
"Madison School District","=""0760011""","Grade   1",0.0
"Madison School District","=""0760011""","Grade   2","*"
"Madison School District","=""0760011""","Grade   3","*"
"Madison School District","=""0760011""","Grade   4","*"
"Madison School District","=""0760011""","Grade   5",3.9
"Madison School District","=""0760011""","Grade   6","*"
"Madison School District","=""0760011""","Grade   7",3.7
"Madison School District","=""0760011""","Grade   8",3.5
"Madison School District","=""0760011""","Grade   9","*"
"Madison School District","=""0760011""","Grade 10","*"
"Madison School District","=""0760011""","Grade 11","*"
"Madison School District","=""0760011""","Grade 12",2.3
"Madison School District","=""0760011""","Hispanic/Latino of any race","*"
"Madison School District","=""0760011""","Male",1.8
"Madison School District","=""0760011""","Native Hawaiian or Other Pacific Islander","*"
"Madison School District","=""0760011""","Non-ELL",1.9
"Madison School District","=""0760011""","Non-Special Education",1.4
"Madison School District","=""0760011""","Special Education",5.2
"Madison School District","=""0760011""","Two or More Races","*"
"Madison School District","=""0760011""","White",1.9
"Madison School District","=""0760011""","Eligible For Reduced Lunch","*"
"Madison School District","=""0760011""","Not Eligible For Lunch",1.8
"Manchester School District","=""0770011""","Kindergarten",12.4
"Manchester School District","=""0770011""","American Indian or Alaska Native","*"
"Manchester School District","=""0770011""","Asian",8.3
"Manchester School District","=""0770011""","Black or African American",14.3
"Manchester School District","=""0770011""","District",14.4
"Manchester School District","=""0770011""","ELL",18.0
"Manchester School District","=""0770011""","Eligible For Free Lunch",19.8
"Manchester School District","=""0770011""","Female",14.5
"Manchester School District","=""0770011""","Grade   1",9.7
"Manchester School District","=""0770011""","Grade   2",5.2
"Manchester School District","=""0770011""","Grade   3",7.5
"Manchester School District","=""0770011""","Grade   4",7.2
"Manchester School District","=""0770011""","Grade   5",7.3
"Manchester School District","=""0770011""","Grade   6",12.8
"Manchester School District","=""0770011""","Grade   7",11.0
"Manchester School District","=""0770011""","Grade   8",14.5
"Manchester School District","=""0770011""","Grade   9",22.9
"Manchester School District","=""0770011""","Grade 10",25.8
"Manchester School District","=""0770011""","Grade 11",28.9
"Manchester School District","=""0770011""","Grade 12",31.1
"Manchester School District","=""0770011""","Hispanic/Latino of any race",20.1
"Manchester School District","=""0770011""","Male",14.4
"Manchester School District","=""0770011""","Native Hawaiian or Other Pacific Islander","*"
"Manchester School District","=""0770011""","Non-ELL",14.2
"Manchester School District","=""0770011""","Non-Special Education",12.6
"Manchester School District","=""0770011""","Special Education",25.9
"Manchester School District","=""0770011""","Two or More Races",5.4
"Manchester School District","=""0770011""","White",12.6
"Manchester School District","=""0770011""","Eligible For Reduced Lunch",6.8
"Manchester School District","=""0770011""","Not Eligible For Lunch",9.4
"Mansfield School District","=""0780011""","Kindergarten",6.4
"Mansfield School District","=""0780011""","American Indian or Alaska Native","*"
"Mansfield School District","=""0780011""","Asian",8.5
"Mansfield School District","=""0780011""","Black or African American",0.0
"Mansfield School District","=""0780011""","District",5.0
"Mansfield School District","=""0780011""","ELL",8.2
"Mansfield School District","=""0780011""","Eligible For Free Lunch",6.2
"Mansfield School District","=""0780011""","Female",5.2
"Mansfield School District","=""0780011""","Grade   1",4.9
"Mansfield School District","=""0780011""","Grade   2",7.3
"Mansfield School District","=""0780011""","Grade   3","*"
"Mansfield School District","=""0780011""","Grade   4",6.4
"Mansfield School District","=""0780011""","Grade   5","*"
"Mansfield School District","=""0780011""","Grade   6","*"
"Mansfield School District","=""0780011""","Grade   7",6.9
"Mansfield School District","=""0780011""","Grade   8",6.5
"Mansfield School District","=""0780011""","Hispanic/Latino of any race",6.3
"Mansfield School District","=""0780011""","Male",4.8
"Mansfield School District","=""0780011""","Non-ELL",4.8
"Mansfield School District","=""0780011""","Non-Special Education",4.8
"Mansfield School District","=""0780011""","Special Education",6.7
"Mansfield School District","=""0780011""","Two or More Races","*"
"Mansfield School District","=""0780011""","White",4.2
"Mansfield School District","=""0780011""","Eligible For Reduced Lunch",12.5
"Mansfield School District","=""0780011""","Not Eligible For Lunch",4.3
"Marlborough School District","=""0790011""","Kindergarten","*"
"Marlborough School District","=""0790011""","Asian","*"
"Marlborough School District","=""0790011""","Black or African American","*"
"Marlborough School District","=""0790011""","District",3.6
"Marlborough School District","=""0790011""","Eligible For Free Lunch",16.3
"Marlborough School District","=""0790011""","Female",3.3
"Marlborough School District","=""0790011""","Grade   1","*"
"Marlborough School District","=""0790011""","Grade   2","*"
"Marlborough School District","=""0790011""","Grade   3","*"
"Marlborough School District","=""0790011""","Grade   4","*"
"Marlborough School District","=""0790011""","Grade   5","*"
"Marlborough School District","=""0790011""","Grade   6","*"
"Marlborough School District","=""0790011""","Hispanic/Latino of any race","*"
"Marlborough School District","=""0790011""","Male",3.8
"Marlborough School District","=""0790011""","Non-ELL",3.6
"Marlborough School District","=""0790011""","Non-Special Education",3.3
"Marlborough School District","=""0790011""","Special Education","*"
"Marlborough School District","=""0790011""","Two or More Races","*"
"Marlborough School District","=""0790011""","White",3.5
"Marlborough School District","=""0790011""","Eligible For Reduced Lunch","*"
"Marlborough School District","=""0790011""","Not Eligible For Lunch",2.3
"Meriden School District","=""0800011""","Kindergarten",12.5
"Meriden School District","=""0800011""","American Indian or Alaska Native","*"
"Meriden School District","=""0800011""","Asian",5.8
"Meriden School District","=""0800011""","Black or African American",13.2
"Meriden School District","=""0800011""","District",12.7
"Meriden School District","=""0800011""","ELL",13.4
"Meriden School District","=""0800011""","Eligible For Free Lunch",16.8
"Meriden School District","=""0800011""","Female",12.4
"Meriden School District","=""0800011""","Grade   1",8.6
"Meriden School District","=""0800011""","Grade   2",7.1
"Meriden School District","=""0800011""","Grade   3",6.2
"Meriden School District","=""0800011""","Grade   4",7.7
"Meriden School District","=""0800011""","Grade   5",5.7
"Meriden School District","=""0800011""","Grade   6",13.1
"Meriden School District","=""0800011""","Grade   7",13.4
"Meriden School District","=""0800011""","Grade   8",17.9
"Meriden School District","=""0800011""","Grade   9",23.2
"Meriden School District","=""0800011""","Grade 10",20.9
"Meriden School District","=""0800011""","Grade 11",15.1
"Meriden School District","=""0800011""","Grade 12",20.2
"Meriden School District","=""0800011""","Hispanic/Latino of any race",15.2
"Meriden School District","=""0800011""","Male",13.0
"Meriden School District","=""0800011""","Native Hawaiian or Other Pacific Islander","*"
"Meriden School District","=""0800011""","Non-ELL",12.6
"Meriden School District","=""0800011""","Non-Special Education",10.0
"Meriden School District","=""0800011""","Special Education",24.5
"Meriden School District","=""0800011""","Two or More Races",12.8
"Meriden School District","=""0800011""","White",9.4
"Meriden School District","=""0800011""","Eligible For Reduced Lunch",8.6
"Meriden School District","=""0800011""","Not Eligible For Lunch",5.7
"Middletown School District","=""0830011""","Kindergarten",4.6
"Middletown School District","=""0830011""","American Indian or Alaska Native","*"
"Middletown School District","=""0830011""","Asian",6.0
"Middletown School District","=""0830011""","Black or African American",10.8
"Middletown School District","=""0830011""","District",9.1
"Middletown School District","=""0830011""","ELL",11.7
"Middletown School District","=""0830011""","Eligible For Free Lunch",15.1
"Middletown School District","=""0830011""","Female",8.2
"Middletown School District","=""0830011""","Grade   1",3.8
"Middletown School District","=""0830011""","Grade   2",5.5
"Middletown School District","=""0830011""","Grade   3",2.9
"Middletown School District","=""0830011""","Grade   4",3.6
"Middletown School District","=""0830011""","Grade   5",3.9
"Middletown School District","=""0830011""","Grade   6",10.3
"Middletown School District","=""0830011""","Grade   7",8.4
"Middletown School District","=""0830011""","Grade   8",6.3
"Middletown School District","=""0830011""","Grade   9",17.8
"Middletown School District","=""0830011""","Grade 10",13.7
"Middletown School District","=""0830011""","Grade 11",16.6
"Middletown School District","=""0830011""","Grade 12",24.6
"Middletown School District","=""0830011""","Hispanic/Latino of any race",13.9
"Middletown School District","=""0830011""","Male",9.9
"Middletown School District","=""0830011""","Native Hawaiian or Other Pacific Islander","*"
"Middletown School District","=""0830011""","Non-ELL",9.0
"Middletown School District","=""0830011""","Non-Special Education",7.7
"Middletown School District","=""0830011""","Special Education",18.5
"Middletown School District","=""0830011""","Two or More Races",8.5
"Middletown School District","=""0830011""","White",7.1
"Middletown School District","=""0830011""","Eligible For Reduced Lunch",6.1
"Middletown School District","=""0830011""","Not Eligible For Lunch",4.9
"Milford School District","=""0840011""","Kindergarten",6.8
"Milford School District","=""0840011""","American Indian or Alaska Native","*"
"Milford School District","=""0840011""","Asian",5.3
"Milford School District","=""0840011""","Black or African American",8.7
"Milford School District","=""0840011""","District",7.3
"Milford School District","=""0840011""","ELL",9.9
"Milford School District","=""0840011""","Eligible For Free Lunch",17.1
"Milford School District","=""0840011""","Female",7.4
"Milford School District","=""0840011""","Grade   1",4.1
"Milford School District","=""0840011""","Grade   2",3.6
"Milford School District","=""0840011""","Grade   3",5.2
"Milford School District","=""0840011""","Grade   4",1.4
"Milford School District","=""0840011""","Grade   5",4.1
"Milford School District","=""0840011""","Grade   6",4.6
"Milford School District","=""0840011""","Grade   7",4.0
"Milford School District","=""0840011""","Grade   8",6.9
"Milford School District","=""0840011""","Grade   9",7.7
"Milford School District","=""0840011""","Grade 10",10.2
"Milford School District","=""0840011""","Grade 11",12.8
"Milford School District","=""0840011""","Grade 12",21.9
"Milford School District","=""0840011""","Hispanic/Latino of any race",12.0
"Milford School District","=""0840011""","Male",7.2
"Milford School District","=""0840011""","Native Hawaiian or Other Pacific Islander","*"
"Milford School District","=""0840011""","Non-ELL",7.3
"Milford School District","=""0840011""","Non-Special Education",6.2
"Milford School District","=""0840011""","Special Education",15.2
"Milford School District","=""0840011""","Two or More Races","*"
"Milford School District","=""0840011""","White",7.1
"Milford School District","=""0840011""","Eligible For Reduced Lunch",5.6
"Milford School District","=""0840011""","Not Eligible For Lunch",5.5
"Monroe School District","=""0850011""","Kindergarten","*"
"Monroe School District","=""0850011""","American Indian or Alaska Native","*"
"Monroe School District","=""0850011""","Asian","*"
"Monroe School District","=""0850011""","Black or African American",0.0
"Monroe School District","=""0850011""","District",2.6
"Monroe School District","=""0850011""","ELL","*"
"Monroe School District","=""0850011""","Eligible For Free Lunch",9.0
"Monroe School District","=""0850011""","Female",2.9
"Monroe School District","=""0850011""","Grade   1","*"
"Monroe School District","=""0850011""","Grade   2","*"
"Monroe School District","=""0850011""","Grade   3","*"
"Monroe School District","=""0850011""","Grade   4","*"
"Monroe School District","=""0850011""","Grade   5","*"
"Monroe School District","=""0850011""","Grade   6",2.2
"Monroe School District","=""0850011""","Grade   7",3.9
"Monroe School District","=""0850011""","Grade   8",5.9
"Monroe School District","=""0850011""","Grade   9",4.1
"Monroe School District","=""0850011""","Grade 10","*"
"Monroe School District","=""0850011""","Grade 11",3.2
"Monroe School District","=""0850011""","Grade 12",3.5
"Monroe School District","=""0850011""","Hispanic/Latino of any race",5.0
"Monroe School District","=""0850011""","Male",2.2
"Monroe School District","=""0850011""","Native Hawaiian or Other Pacific Islander","*"
"Monroe School District","=""0850011""","Non-ELL",2.6
"Monroe School District","=""0850011""","Non-Special Education",2.3
"Monroe School District","=""0850011""","Special Education",4.9
"Monroe School District","=""0850011""","Two or More Races","*"
"Monroe School District","=""0850011""","White",2.4
"Monroe School District","=""0850011""","Eligible For Reduced Lunch","*"
"Monroe School District","=""0850011""","Not Eligible For Lunch",2.2
"Montville School District","=""0860011""","Kindergarten",4.4
"Montville School District","=""0860011""","American Indian or Alaska Native","*"
"Montville School District","=""0860011""","Asian","*"
"Montville School District","=""0860011""","Black or African American","*"
"Montville School District","=""0860011""","District",6.5
"Montville School District","=""0860011""","ELL","*"
"Montville School District","=""0860011""","Eligible For Free Lunch",13.5
"Montville School District","=""0860011""","Female",6.1
"Montville School District","=""0860011""","Grade   1","*"
"Montville School District","=""0860011""","Grade   2","*"
"Montville School District","=""0860011""","Grade   3",3.5
"Montville School District","=""0860011""","Grade   4","*"
"Montville School District","=""0860011""","Grade   5","*"
"Montville School District","=""0860011""","Grade   6",4.7
"Montville School District","=""0860011""","Grade   7",3.4
"Montville School District","=""0860011""","Grade   8",12.1
"Montville School District","=""0860011""","Grade   9",12.3
"Montville School District","=""0860011""","Grade 10",6.9
"Montville School District","=""0860011""","Grade 11",15.4
"Montville School District","=""0860011""","Grade 12",13.1
"Montville School District","=""0860011""","Hispanic/Latino of any race",4.8
"Montville School District","=""0860011""","Male",6.8
"Montville School District","=""0860011""","Native Hawaiian or Other Pacific Islander","*"
"Montville School District","=""0860011""","Non-ELL",6.7
"Montville School District","=""0860011""","Non-Special Education",5.2
"Montville School District","=""0860011""","Special Education",13.6
"Montville School District","=""0860011""","Two or More Races",8.4
"Montville School District","=""0860011""","White",7.2
"Montville School District","=""0860011""","Eligible For Reduced Lunch",2.9
"Montville School District","=""0860011""","Not Eligible For Lunch",3.8
"Naugatuck School District","=""0880011""","Kindergarten",9.6
"Naugatuck School District","=""0880011""","American Indian or Alaska Native","*"
"Naugatuck School District","=""0880011""","Asian","*"
"Naugatuck School District","=""0880011""","Black or African American",13.7
"Naugatuck School District","=""0880011""","District",11.3
"Naugatuck School District","=""0880011""","ELL",10.2
"Naugatuck School District","=""0880011""","Eligible For Free Lunch",17.1
"Naugatuck School District","=""0880011""","Female",12.4
"Naugatuck School District","=""0880011""","Grade   1",6.5
"Naugatuck School District","=""0880011""","Grade   2",7.6
"Naugatuck School District","=""0880011""","Grade   3",6.3
"Naugatuck School District","=""0880011""","Grade   4",4.7
"Naugatuck School District","=""0880011""","Grade   5",6.2
"Naugatuck School District","=""0880011""","Grade   6",8.6
"Naugatuck School District","=""0880011""","Grade   7",12.2
"Naugatuck School District","=""0880011""","Grade   8",11.4
"Naugatuck School District","=""0880011""","Grade   9",10.0
"Naugatuck School District","=""0880011""","Grade 10",20.8
"Naugatuck School District","=""0880011""","Grade 11",21.5
"Naugatuck School District","=""0880011""","Grade 12",22.4
"Naugatuck School District","=""0880011""","Hispanic/Latino of any race",14.3
"Naugatuck School District","=""0880011""","Male",10.4
"Naugatuck School District","=""0880011""","Native Hawaiian or Other Pacific Islander","*"
"Naugatuck School District","=""0880011""","Non-ELL",11.4
"Naugatuck School District","=""0880011""","Non-Special Education",10.2
"Naugatuck School District","=""0880011""","Special Education",16.9
"Naugatuck School District","=""0880011""","Two or More Races",15.6
"Naugatuck School District","=""0880011""","White",10.0
"Naugatuck School District","=""0880011""","Eligible For Reduced Lunch",11.6
"Naugatuck School District","=""0880011""","Not Eligible For Lunch",6.8
"New Beginnings Inc., Family Academy District","=""2800013""","Kindergarten",9.2
"New Beginnings Inc., Family Academy District","=""2800013""","Black or African American",5.8
"New Beginnings Inc., Family Academy District","=""2800013""","District",7.4
"New Beginnings Inc., Family Academy District","=""2800013""","Eligible For Free Lunch",8.2
"New Beginnings Inc., Family Academy District","=""2800013""","Female",9.8
"New Beginnings Inc., Family Academy District","=""2800013""","Grade   1","*"
"New Beginnings Inc., Family Academy District","=""2800013""","Grade   2","*"
"New Beginnings Inc., Family Academy District","=""2800013""","Grade   3","*"
"New Beginnings Inc., Family Academy District","=""2800013""","Grade   4","*"
"New Beginnings Inc., Family Academy District","=""2800013""","Grade   5","*"
"New Beginnings Inc., Family Academy District","=""2800013""","Grade   6",17.6
"New Beginnings Inc., Family Academy District","=""2800013""","Grade   7",0.0
"New Beginnings Inc., Family Academy District","=""2800013""","Grade   8","*"
"New Beginnings Inc., Family Academy District","=""2800013""","Hispanic/Latino of any race",11.0
"New Beginnings Inc., Family Academy District","=""2800013""","Male",5.0
"New Beginnings Inc., Family Academy District","=""2800013""","Non-ELL",7.4
"New Beginnings Inc., Family Academy District","=""2800013""","Non-Special Education",7.0
"New Beginnings Inc., Family Academy District","=""2800013""","Special Education","*"
"New Beginnings Inc., Family Academy District","=""2800013""","Two or More Races","*"
"New Beginnings Inc., Family Academy District","=""2800013""","White","*"
"New Beginnings Inc., Family Academy District","=""2800013""","Eligible For Reduced Lunch","*"
"New Beginnings Inc., Family Academy District","=""2800013""","Not Eligible For Lunch","*"
"New Britain School District","=""0890011""","Kindergarten",16.8
"New Britain School District","=""0890011""","American Indian or Alaska Native","*"
"New Britain School District","=""0890011""","Asian",7.4
"New Britain School District","=""0890011""","Black or African American",15.6
"New Britain School District","=""0890011""","District",18.0
"New Britain School District","=""0890011""","ELL",23.1
"New Britain School District","=""0890011""","Eligible For Free Lunch",20.3
"New Britain School District","=""0890011""","Female",17.6
"New Britain School District","=""0890011""","Grade   1",11.4
"New Britain School District","=""0890011""","Grade   2",9.0
"New Britain School District","=""0890011""","Grade   3",7.4
"New Britain School District","=""0890011""","Grade   4",7.6
"New Britain School District","=""0890011""","Grade   5",9.9
"New Britain School District","=""0890011""","Grade   6",14.4
"New Britain School District","=""0890011""","Grade   7",16.8
"New Britain School District","=""0890011""","Grade   8",21.6
"New Britain School District","=""0890011""","Grade   9",35.7
"New Britain School District","=""0890011""","Grade 10",33.1
"New Britain School District","=""0890011""","Grade 11",31.4
"New Britain School District","=""0890011""","Grade 12",34.2
"New Britain School District","=""0890011""","Hispanic/Latino of any race",20.5
"New Britain School District","=""0890011""","Male",18.3
"New Britain School District","=""0890011""","Native Hawaiian or Other Pacific Islander","*"
"New Britain School District","=""0890011""","Non-ELL",16.9
"New Britain School District","=""0890011""","Non-Special Education",16.3
"New Britain School District","=""0890011""","Special Education",26.3
"New Britain School District","=""0890011""","Two or More Races",15.8
"New Britain School District","=""0890011""","White",12.9
"New Britain School District","=""0890011""","Eligible For Reduced Lunch",10.5
"New Britain School District","=""0890011""","Not Eligible For Lunch",11.6
"New Canaan School District","=""0900011""","Kindergarten",3.4
"New Canaan School District","=""0900011""","American Indian or Alaska Native","*"
"New Canaan School District","=""0900011""","Asian","*"
"New Canaan School District","=""0900011""","Black or African American","*"
"New Canaan School District","=""0900011""","District",2.4
"New Canaan School District","=""0900011""","ELL","*"
"New Canaan School District","=""0900011""","Female",2.7
"New Canaan School District","=""0900011""","Grade   1","*"
"New Canaan School District","=""0900011""","Grade   2","*"
"New Canaan School District","=""0900011""","Grade   3",2.2
"New Canaan School District","=""0900011""","Grade   4","*"
"New Canaan School District","=""0900011""","Grade   5",3.7
"New Canaan School District","=""0900011""","Grade   6","*"
"New Canaan School District","=""0900011""","Grade   7",2.4
"New Canaan School District","=""0900011""","Grade   8","*"
"New Canaan School District","=""0900011""","Grade   9",2.5
"New Canaan School District","=""0900011""","Grade 10",3.7
"New Canaan School District","=""0900011""","Grade 11",4.8
"New Canaan School District","=""0900011""","Grade 12",3.1
"New Canaan School District","=""0900011""","Hispanic/Latino of any race",5.3
"New Canaan School District","=""0900011""","Male",2.2
"New Canaan School District","=""0900011""","Native Hawaiian or Other Pacific Islander","*"
"New Canaan School District","=""0900011""","Non-ELL",2.4
"New Canaan School District","=""0900011""","Non-Special Education",1.8
"New Canaan School District","=""0900011""","Special Education",8.0
"New Canaan School District","=""0900011""","Two or More Races","*"
"New Canaan School District","=""0900011""","White",2.4
"New Canaan School District","=""0900011""","Not Eligible For Lunch",2.4
"New Fairfield School District","=""0910011""","Kindergarten",3.9
"New Fairfield School District","=""0910011""","American Indian or Alaska Native","*"
"New Fairfield School District","=""0910011""","Asian","*"
"New Fairfield School District","=""0910011""","Black or African American","*"
"New Fairfield School District","=""0910011""","District",3.1
"New Fairfield School District","=""0910011""","ELL",0.0
"New Fairfield School District","=""0910011""","Eligible For Free Lunch",11.0
"New Fairfield School District","=""0910011""","Female",3.1
"New Fairfield School District","=""0910011""","Grade   1","*"
"New Fairfield School District","=""0910011""","Grade   2","*"
"New Fairfield School District","=""0910011""","Grade   3",0.0
"New Fairfield School District","=""0910011""","Grade   4",3.5
"New Fairfield School District","=""0910011""","Grade   5",4.5
"New Fairfield School District","=""0910011""","Grade   6","*"
"New Fairfield School District","=""0910011""","Grade   7",7.5
"New Fairfield School District","=""0910011""","Grade   8",4.1
"New Fairfield School District","=""0910011""","Grade   9","*"
"New Fairfield School District","=""0910011""","Grade 10",3.2
"New Fairfield School District","=""0910011""","Grade 11","*"
"New Fairfield School District","=""0910011""","Grade 12",3.7
"New Fairfield School District","=""0910011""","Hispanic/Latino of any race",4.0
"New Fairfield School District","=""0910011""","Male",3.1
"New Fairfield School District","=""0910011""","Native Hawaiian or Other Pacific Islander","*"
"New Fairfield School District","=""0910011""","Non-ELL",3.2
"New Fairfield School District","=""0910011""","Non-Special Education",2.7
"New Fairfield School District","=""0910011""","Special Education",7.0
"New Fairfield School District","=""0910011""","Two or More Races","*"
"New Fairfield School District","=""0910011""","White",2.9
"New Fairfield School District","=""0910011""","Eligible For Reduced Lunch","*"
"New Fairfield School District","=""0910011""","Not Eligible For Lunch",2.7
"New Hartford School District","=""0920011""","Kindergarten","*"
"New Hartford School District","=""0920011""","Asian","*"
"New Hartford School District","=""0920011""","Black or African American","*"
"New Hartford School District","=""0920011""","District",3.6
"New Hartford School District","=""0920011""","ELL","*"
"New Hartford School District","=""0920011""","Eligible For Free Lunch","*"
"New Hartford School District","=""0920011""","Female",3.3
"New Hartford School District","=""0920011""","Grade   1","*"
"New Hartford School District","=""0920011""","Grade   2",0.0
"New Hartford School District","=""0920011""","Grade   3","*"
"New Hartford School District","=""0920011""","Grade   4","*"
"New Hartford School District","=""0920011""","Grade   5","*"
"New Hartford School District","=""0920011""","Grade   6","*"
"New Hartford School District","=""0920011""","Hispanic/Latino of any race","*"
"New Hartford School District","=""0920011""","Male",4.0
"New Hartford School District","=""0920011""","Non-ELL",3.7
"New Hartford School District","=""0920011""","Non-Special Education",2.7
"New Hartford School District","=""0920011""","Special Education",9.5
"New Hartford School District","=""0920011""","Two or More Races","*"
"New Hartford School District","=""0920011""","White",3.7
"New Hartford School District","=""0920011""","Eligible For Reduced Lunch","*"
"New Hartford School District","=""0920011""","Not Eligible For Lunch",3.1
"New Haven School District","=""0930011""","Kindergarten",20.3
"New Haven School District","=""0930011""","American Indian or Alaska Native","*"
"New Haven School District","=""0930011""","Asian",9.6
"New Haven School District","=""0930011""","Black or African American",21.0
"New Haven School District","=""0930011""","District",19.9
"New Haven School District","=""0930011""","ELL",19.3
"New Haven School District","=""0930011""","Eligible For Free Lunch",24.7
"New Haven School District","=""0930011""","Female",19.9
"New Haven School District","=""0930011""","Grade   1",16.0
"New Haven School District","=""0930011""","Grade   2",15.8
"New Haven School District","=""0930011""","Grade   3",12.5
"New Haven School District","=""0930011""","Grade   4",13.4
"New Haven School District","=""0930011""","Grade   5",13.2
"New Haven School District","=""0930011""","Grade   6",14.9
"New Haven School District","=""0930011""","Grade   7",16.1
"New Haven School District","=""0930011""","Grade   8",16.1
"New Haven School District","=""0930011""","Grade   9",29.2
"New Haven School District","=""0930011""","Grade 10",31.9
"New Haven School District","=""0930011""","Grade 11",28.5
"New Haven School District","=""0930011""","Grade 12",35.6
"New Haven School District","=""0930011""","Hispanic/Latino of any race",21.5
"New Haven School District","=""0930011""","Male",20.0
"New Haven School District","=""0930011""","Native Hawaiian or Other Pacific Islander","*"
"New Haven School District","=""0930011""","Non-ELL",20.0
"New Haven School District","=""0930011""","Non-Special Education",18.5
"New Haven School District","=""0930011""","Special Education",28.0
"New Haven School District","=""0930011""","Two or More Races",20.3
"New Haven School District","=""0930011""","White",13.9
"New Haven School District","=""0930011""","Eligible For Reduced Lunch",11.7
"New Haven School District","=""0930011""","Not Eligible For Lunch",14.3
"New London School District","=""0950011""","Kindergarten",17.7
"New London School District","=""0950011""","American Indian or Alaska Native",36.0
"New London School District","=""0950011""","Asian","*"
"New London School District","=""0950011""","Black or African American",14.6
"New London School District","=""0950011""","District",17.6
"New London School District","=""0950011""","ELL",17.5
"New London School District","=""0950011""","Eligible For Free Lunch",21.1
"New London School District","=""0950011""","Female",18.0
"New London School District","=""0950011""","Grade   1",16.0
"New London School District","=""0950011""","Grade   2",17.1
"New London School District","=""0950011""","Grade   3",13.8
"New London School District","=""0950011""","Grade   4",17.8
"New London School District","=""0950011""","Grade   5",21.4
"New London School District","=""0950011""","Grade   6",12.9
"New London School District","=""0950011""","Grade   7",15.5
"New London School District","=""0950011""","Grade   8",17.3
"New London School District","=""0950011""","Grade   9",22.4
"New London School District","=""0950011""","Grade 10",18.1
"New London School District","=""0950011""","Grade 11",13.4
"New London School District","=""0950011""","Grade 12",23.0
"New London School District","=""0950011""","Hispanic/Latino of any race",19.5
"New London School District","=""0950011""","Male",17.2
"New London School District","=""0950011""","Native Hawaiian or Other Pacific Islander","*"
"New London School District","=""0950011""","Non-ELL",17.6
"New London School District","=""0950011""","Non-Special Education",15.0
"New London School District","=""0950011""","Special Education",29.4
"New London School District","=""0950011""","Two or More Races",17.5
"New London School District","=""0950011""","White",16.0
"New London School District","=""0950011""","Eligible For Reduced Lunch",9.2
"New London School District","=""0950011""","Not Eligible For Lunch",9.7
"New Milford School District","=""0960011""","Kindergarten",6.1
"New Milford School District","=""0960011""","American Indian or Alaska Native","*"
"New Milford School District","=""0960011""","Asian",4.5
"New Milford School District","=""0960011""","Black or African American",7.5
"New Milford School District","=""0960011""","District",5.6
"New Milford School District","=""0960011""","ELL",7.2
"New Milford School District","=""0960011""","Eligible For Free Lunch",12.0
"New Milford School District","=""0960011""","Female",5.6
"New Milford School District","=""0960011""","Grade   1",5.6
"New Milford School District","=""0960011""","Grade   2",5.7
"New Milford School District","=""0960011""","Grade   3",3.5
"New Milford School District","=""0960011""","Grade   4",4.8
"New Milford School District","=""0960011""","Grade   5","*"
"New Milford School District","=""0960011""","Grade   6",4.1
"New Milford School District","=""0960011""","Grade   7",4.1
"New Milford School District","=""0960011""","Grade   8",5.0
"New Milford School District","=""0960011""","Grade   9",6.4
"New Milford School District","=""0960011""","Grade 10",8.9
"New Milford School District","=""0960011""","Grade 11",7.3
"New Milford School District","=""0960011""","Grade 12",9.7
"New Milford School District","=""0960011""","Hispanic/Latino of any race",8.1
"New Milford School District","=""0960011""","Male",5.5
"New Milford School District","=""0960011""","Non-ELL",5.5
"New Milford School District","=""0960011""","Non-Special Education",4.5
"New Milford School District","=""0960011""","Special Education",12.8
"New Milford School District","=""0960011""","Two or More Races",7.0
"New Milford School District","=""0960011""","White",5.2
"New Milford School District","=""0960011""","Eligible For Reduced Lunch",6.3
"New Milford School District","=""0960011""","Not Eligible For Lunch",4.2
"Newington School District","=""0940011""","Kindergarten",2.7
"Newington School District","=""0940011""","American Indian or Alaska Native","*"
"Newington School District","=""0940011""","Asian",2.2
"Newington School District","=""0940011""","Black or African American",5.0
"Newington School District","=""0940011""","District",5.0
"Newington School District","=""0940011""","ELL","*"
"Newington School District","=""0940011""","Eligible For Free Lunch",9.3
"Newington School District","=""0940011""","Female",4.7
"Newington School District","=""0940011""","Grade   1","*"
"Newington School District","=""0940011""","Grade   2",2.8
"Newington School District","=""0940011""","Grade   3",4.1
"Newington School District","=""0940011""","Grade   4","*"
"Newington School District","=""0940011""","Grade   5","*"
"Newington School District","=""0940011""","Grade   6",3.1
"Newington School District","=""0940011""","Grade   7",1.8
"Newington School District","=""0940011""","Grade   8",2.5
"Newington School District","=""0940011""","Grade   9",7.4
"Newington School District","=""0940011""","Grade 10",8.0
"Newington School District","=""0940011""","Grade 11",12.8
"Newington School District","=""0940011""","Grade 12",14.7
"Newington School District","=""0940011""","Hispanic/Latino of any race",6.6
"Newington School District","=""0940011""","Male",5.3
"Newington School District","=""0940011""","Native Hawaiian or Other Pacific Islander","*"
"Newington School District","=""0940011""","Non-ELL",5.2
"Newington School District","=""0940011""","Non-Special Education",4.1
"Newington School District","=""0940011""","Special Education",11.4
"Newington School District","=""0940011""","Two or More Races","*"
"Newington School District","=""0940011""","White",5.1
"Newington School District","=""0940011""","Eligible For Reduced Lunch",6.0
"Newington School District","=""0940011""","Not Eligible For Lunch",4.0
"Newtown School District","=""0970011""","Kindergarten",4.5
"Newtown School District","=""0970011""","American Indian or Alaska Native","*"
"Newtown School District","=""0970011""","Asian","*"
"Newtown School District","=""0970011""","Black or African American",0.0
"Newtown School District","=""0970011""","District",4.5
"Newtown School District","=""0970011""","ELL","*"
"Newtown School District","=""0970011""","Eligible For Free Lunch",12.5
"Newtown School District","=""0970011""","Female",4.8
"Newtown School District","=""0970011""","Grade   1","*"
"Newtown School District","=""0970011""","Grade   2",3.5
"Newtown School District","=""0970011""","Grade   3",2.4
"Newtown School District","=""0970011""","Grade   4",3.7
"Newtown School District","=""0970011""","Grade   5",3.2
"Newtown School District","=""0970011""","Grade   6",3.1
"Newtown School District","=""0970011""","Grade   7",3.3
"Newtown School District","=""0970011""","Grade   8",7.9
"Newtown School District","=""0970011""","Grade   9",2.7
"Newtown School District","=""0970011""","Grade 10",3.8
"Newtown School District","=""0970011""","Grade 11",5.9
"Newtown School District","=""0970011""","Grade 12",9.6
"Newtown School District","=""0970011""","Hispanic/Latino of any race",6.9
"Newtown School District","=""0970011""","Male",4.2
"Newtown School District","=""0970011""","Non-ELL",4.5
"Newtown School District","=""0970011""","Non-Special Education",3.6
"Newtown School District","=""0970011""","Special Education",11.9
"Newtown School District","=""0970011""","Two or More Races","*"
"Newtown School District","=""0970011""","White",4.6
"Newtown School District","=""0970011""","Eligible For Reduced Lunch",7.4
"Newtown School District","=""0970011""","Not Eligible For Lunch",3.9
"Norfolk School District","=""0980011""","Kindergarten","*"
"Norfolk School District","=""0980011""","District","*"
"Norfolk School District","=""0980011""","Eligible For Free Lunch","*"
"Norfolk School District","=""0980011""","Female","*"
"Norfolk School District","=""0980011""","Grade   1","*"
"Norfolk School District","=""0980011""","Grade   2","*"
"Norfolk School District","=""0980011""","Grade   3","*"
"Norfolk School District","=""0980011""","Grade   4","*"
"Norfolk School District","=""0980011""","Grade   5","*"
"Norfolk School District","=""0980011""","Grade   6","*"
"Norfolk School District","=""0980011""","Hispanic/Latino of any race","*"
"Norfolk School District","=""0980011""","Male",0.0
"Norfolk School District","=""0980011""","Non-ELL","*"
"Norfolk School District","=""0980011""","Non-Special Education","*"
"Norfolk School District","=""0980011""","Special Education","*"
"Norfolk School District","=""0980011""","Two or More Races","*"
"Norfolk School District","=""0980011""","White","*"
"Norfolk School District","=""0980011""","Eligible For Reduced Lunch","*"
"Norfolk School District","=""0980011""","Not Eligible For Lunch","*"
"North Branford School District","=""0990011""","Kindergarten","*"
"North Branford School District","=""0990011""","American Indian or Alaska Native","*"
"North Branford School District","=""0990011""","Asian","*"
"North Branford School District","=""0990011""","Black or African American","*"
"North Branford School District","=""0990011""","District",4.9
"North Branford School District","=""0990011""","ELL",0.0
"North Branford School District","=""0990011""","Eligible For Free Lunch",12.7
"North Branford School District","=""0990011""","Female",5.3
"North Branford School District","=""0990011""","Grade   1","*"
"North Branford School District","=""0990011""","Grade   2","*"
"North Branford School District","=""0990011""","Grade   3",5.0
"North Branford School District","=""0990011""","Grade   4","*"
"North Branford School District","=""0990011""","Grade   5",4.8
"North Branford School District","=""0990011""","Grade   6","*"
"North Branford School District","=""0990011""","Grade   7",3.8
"North Branford School District","=""0990011""","Grade   8",4.3
"North Branford School District","=""0990011""","Grade   9",9.1
"North Branford School District","=""0990011""","Grade 10",7.4
"North Branford School District","=""0990011""","Grade 11",9.6
"North Branford School District","=""0990011""","Grade 12",10.6
"North Branford School District","=""0990011""","Hispanic/Latino of any race","*"
"North Branford School District","=""0990011""","Male",4.5
"North Branford School District","=""0990011""","Non-ELL",5.0
"North Branford School District","=""0990011""","Non-Special Education",3.5
"North Branford School District","=""0990011""","Special Education",13.1
"North Branford School District","=""0990011""","Two or More Races","*"
"North Branford School District","=""0990011""","White",4.6
"North Branford School District","=""0990011""","Eligible For Reduced Lunch","*"
"North Branford School District","=""0990011""","Not Eligible For Lunch",3.8
"North Canaan School District","=""1000011""","Kindergarten","*"
"North Canaan School District","=""1000011""","Asian","*"
"North Canaan School District","=""1000011""","Black or African American","*"
"North Canaan School District","=""1000011""","District",5.7
"North Canaan School District","=""1000011""","ELL","*"
"North Canaan School District","=""1000011""","Eligible For Free Lunch","*"
"North Canaan School District","=""1000011""","Female",5.6
"North Canaan School District","=""1000011""","Grade   1","*"
"North Canaan School District","=""1000011""","Grade   2","*"
"North Canaan School District","=""1000011""","Grade   3","*"
"North Canaan School District","=""1000011""","Grade   4","*"
"North Canaan School District","=""1000011""","Grade   5",0.0
"North Canaan School District","=""1000011""","Grade   6","*"
"North Canaan School District","=""1000011""","Grade   7","*"
"North Canaan School District","=""1000011""","Grade   8","*"
"North Canaan School District","=""1000011""","Hispanic/Latino of any race","*"
"North Canaan School District","=""1000011""","Male",5.7
"North Canaan School District","=""1000011""","Non-ELL",5.1
"North Canaan School District","=""1000011""","Non-Special Education",4.8
"North Canaan School District","=""1000011""","Special Education","*"
"North Canaan School District","=""1000011""","Two or More Races","*"
"North Canaan School District","=""1000011""","White",5.3
"North Canaan School District","=""1000011""","Eligible For Reduced Lunch","*"
"North Canaan School District","=""1000011""","Not Eligible For Lunch",4.5
"North Haven School District","=""1010011""","Kindergarten","*"
"North Haven School District","=""1010011""","American Indian or Alaska Native","*"
"North Haven School District","=""1010011""","Asian",3.1
"North Haven School District","=""1010011""","Black or African American",5.3
"North Haven School District","=""1010011""","District",4.1
"North Haven School District","=""1010011""","ELL","*"
"North Haven School District","=""1010011""","Eligible For Free Lunch",12.1
"North Haven School District","=""1010011""","Female",3.7
"North Haven School District","=""1010011""","Grade   1",4.2
"North Haven School District","=""1010011""","Grade   2","*"
"North Haven School District","=""1010011""","Grade   3","*"
"North Haven School District","=""1010011""","Grade   4","*"
"North Haven School District","=""1010011""","Grade   5",5.2
"North Haven School District","=""1010011""","Grade   6",4.4
"North Haven School District","=""1010011""","Grade   7",8.8
"North Haven School District","=""1010011""","Grade   8",11.2
"North Haven School District","=""1010011""","Grade   9",2.4
"North Haven School District","=""1010011""","Grade 10",4.0
"North Haven School District","=""1010011""","Grade 11","*"
"North Haven School District","=""1010011""","Grade 12",2.9
"North Haven School District","=""1010011""","Hispanic/Latino of any race",3.4
"North Haven School District","=""1010011""","Male",4.4
"North Haven School District","=""1010011""","Native Hawaiian or Other Pacific Islander","*"
"North Haven School District","=""1010011""","Non-ELL",4.0
"North Haven School District","=""1010011""","Non-Special Education",3.3
"North Haven School District","=""1010011""","Special Education",10.8
"North Haven School District","=""1010011""","Two or More Races","*"
"North Haven School District","=""1010011""","White",4.1
"North Haven School District","=""1010011""","Eligible For Reduced Lunch",4.9
"North Haven School District","=""1010011""","Not Eligible For Lunch",3.1
"North Stonington School District","=""1020011""","Kindergarten","*"
"North Stonington School District","=""1020011""","American Indian or Alaska Native","*"
"North Stonington School District","=""1020011""","Asian","*"
"North Stonington School District","=""1020011""","Black or African American","*"
"North Stonington School District","=""1020011""","District",4.3
"North Stonington School District","=""1020011""","ELL","*"
"North Stonington School District","=""1020011""","Eligible For Free Lunch",11.6
"North Stonington School District","=""1020011""","Female",4.7
"North Stonington School District","=""1020011""","Grade   1","*"
"North Stonington School District","=""1020011""","Grade   2","*"
"North Stonington School District","=""1020011""","Grade   3","*"
"North Stonington School District","=""1020011""","Grade   4","*"
"North Stonington School District","=""1020011""","Grade   5","*"
"North Stonington School District","=""1020011""","Grade   6",0.0
"North Stonington School District","=""1020011""","Grade   7","*"
"North Stonington School District","=""1020011""","Grade   8","*"
"North Stonington School District","=""1020011""","Grade   9",0.0
"North Stonington School District","=""1020011""","Grade 10","*"
"North Stonington School District","=""1020011""","Grade 11","*"
"North Stonington School District","=""1020011""","Grade 12",13.3
"North Stonington School District","=""1020011""","Hispanic/Latino of any race","*"
"North Stonington School District","=""1020011""","Male",3.9
"North Stonington School District","=""1020011""","Native Hawaiian or Other Pacific Islander","*"
"North Stonington School District","=""1020011""","Non-ELL",4.3
"North Stonington School District","=""1020011""","Non-Special Education",4.0
"North Stonington School District","=""1020011""","Special Education","*"
"North Stonington School District","=""1020011""","Two or More Races","*"
"North Stonington School District","=""1020011""","White",3.6
"North Stonington School District","=""1020011""","Eligible For Reduced Lunch","*"
"North Stonington School District","=""1020011""","Not Eligible For Lunch",3.1
"Norwalk School District","=""1030011""","Kindergarten",10.6
"Norwalk School District","=""1030011""","American Indian or Alaska Native","*"
"Norwalk School District","=""1030011""","Asian",7.7
"Norwalk School District","=""1030011""","Black or African American",12.7
"Norwalk School District","=""1030011""","District",10.2
"Norwalk School District","=""1030011""","ELL",9.5
"Norwalk School District","=""1030011""","Eligible For Free Lunch",12.5
"Norwalk School District","=""1030011""","Female",10.0
"Norwalk School District","=""1030011""","Grade   1",6.9
"Norwalk School District","=""1030011""","Grade   2",4.6
"Norwalk School District","=""1030011""","Grade   3",5.7
"Norwalk School District","=""1030011""","Grade   4",5.0
"Norwalk School District","=""1030011""","Grade   5",3.8
"Norwalk School District","=""1030011""","Grade   6",4.5
"Norwalk School District","=""1030011""","Grade   7",7.2
"Norwalk School District","=""1030011""","Grade   8",11.6
"Norwalk School District","=""1030011""","Grade   9",12.7
"Norwalk School District","=""1030011""","Grade 10",12.7
"Norwalk School District","=""1030011""","Grade 11",19.2
"Norwalk School District","=""1030011""","Grade 12",30.7
"Norwalk School District","=""1030011""","Hispanic/Latino of any race",10.6
"Norwalk School District","=""1030011""","Male",10.4
"Norwalk School District","=""1030011""","Native Hawaiian or Other Pacific Islander","*"
"Norwalk School District","=""1030011""","Non-ELL",10.3
"Norwalk School District","=""1030011""","Non-Special Education",9.6
"Norwalk School District","=""1030011""","Special Education",14.4
"Norwalk School District","=""1030011""","Two or More Races",10.4
"Norwalk School District","=""1030011""","White",8.6
"Norwalk School District","=""1030011""","Eligible For Reduced Lunch",7.0
"Norwalk School District","=""1030011""","Not Eligible For Lunch",8.7
"Norwich Free Academy District","=""9010022""","American Indian or Alaska Native","*"
"Norwich Free Academy District","=""9010022""","Asian",3.2
"Norwich Free Academy District","=""9010022""","Black or African American",11.9
"Norwich Free Academy District","=""9010022""","District",10.9
"Norwich Free Academy District","=""9010022""","ELL",15.0
"Norwich Free Academy District","=""9010022""","Eligible For Free Lunch",16.2
"Norwich Free Academy District","=""9010022""","Female",11.5
"Norwich Free Academy District","=""9010022""","Grade   9",5.5
"Norwich Free Academy District","=""9010022""","Grade 10",11.1
"Norwich Free Academy District","=""9010022""","Grade 11",11.8
"Norwich Free Academy District","=""9010022""","Grade 12",15.4
"Norwich Free Academy District","=""9010022""","Hispanic/Latino of any race",15.9
"Norwich Free Academy District","=""9010022""","Male",10.3
"Norwich Free Academy District","=""9010022""","Native Hawaiian or Other Pacific Islander","*"
"Norwich Free Academy District","=""9010022""","Non-ELL",10.6
"Norwich Free Academy District","=""9010022""","Non-Special Education",10.3
"Norwich Free Academy District","=""9010022""","Special Education",16.5
"Norwich Free Academy District","=""9010022""","Two or More Races",12.7
"Norwich Free Academy District","=""9010022""","White",10.1
"Norwich Free Academy District","=""9010022""","Eligible For Reduced Lunch",6.4
"Norwich Free Academy District","=""9010022""","Not Eligible For Lunch",7.3
"Norwich School District","=""1040011""","Kindergarten",13.4
"Norwich School District","=""1040011""","American Indian or Alaska Native","*"
"Norwich School District","=""1040011""","Asian",4.0
"Norwich School District","=""1040011""","Black or African American",7.1
"Norwich School District","=""1040011""","District",9.7
"Norwich School District","=""1040011""","ELL",7.8
"Norwich School District","=""1040011""","Eligible For Free Lunch",11.8
"Norwich School District","=""1040011""","Female",9.1
"Norwich School District","=""1040011""","Grade   1",9.4
"Norwich School District","=""1040011""","Grade   2",7.7
"Norwich School District","=""1040011""","Grade   3",5.4
"Norwich School District","=""1040011""","Grade   4",6.5
"Norwich School District","=""1040011""","Grade   5",6.5
"Norwich School District","=""1040011""","Grade   6",8.8
"Norwich School District","=""1040011""","Grade   7",11.3
"Norwich School District","=""1040011""","Grade   8",9.4
"Norwich School District","=""1040011""","Grade   9","*"
"Norwich School District","=""1040011""","Grade 10","*"
"Norwich School District","=""1040011""","Grade 11","*"
"Norwich School District","=""1040011""","Grade 12",52.9
"Norwich School District","=""1040011""","Hispanic/Latino of any race",13.0
"Norwich School District","=""1040011""","Male",10.3
"Norwich School District","=""1040011""","Native Hawaiian or Other Pacific Islander","*"
"Norwich School District","=""1040011""","Non-ELL",10.1
"Norwich School District","=""1040011""","Non-Special Education",7.9
"Norwich School District","=""1040011""","Special Education",17.8
"Norwich School District","=""1040011""","Two or More Races",8.7
"Norwich School District","=""1040011""","White",9.9
"Norwich School District","=""1040011""","Eligible For Reduced Lunch",4.9
"Norwich School District","=""1040011""","Not Eligible For Lunch",5.9
"Odyssey Community School District","=""2630013""","Kindergarten",0.0
"Odyssey Community School District","=""2630013""","Asian","*"
"Odyssey Community School District","=""2630013""","Black or African American","*"
"Odyssey Community School District","=""2630013""","District",4.3
"Odyssey Community School District","=""2630013""","ELL","*"
"Odyssey Community School District","=""2630013""","Eligible For Free Lunch","*"
"Odyssey Community School District","=""2630013""","Female",6.8
"Odyssey Community School District","=""2630013""","Grade   1",0.0
"Odyssey Community School District","=""2630013""","Grade   2","*"
"Odyssey Community School District","=""2630013""","Grade   3","*"
"Odyssey Community School District","=""2630013""","Grade   4","*"
"Odyssey Community School District","=""2630013""","Grade   5",0.0
"Odyssey Community School District","=""2630013""","Grade   6","*"
"Odyssey Community School District","=""2630013""","Grade   7","*"
"Odyssey Community School District","=""2630013""","Grade   8","*"
"Odyssey Community School District","=""2630013""","Hispanic/Latino of any race",0.0
"Odyssey Community School District","=""2630013""","Male","*"
"Odyssey Community School District","=""2630013""","Non-ELL",4.6
"Odyssey Community School District","=""2630013""","Non-Special Education",4.3
"Odyssey Community School District","=""2630013""","Special Education","*"
"Odyssey Community School District","=""2630013""","Two or More Races",0.0
"Odyssey Community School District","=""2630013""","White",8.2
"Odyssey Community School District","=""2630013""","Eligible For Reduced Lunch","*"
"Odyssey Community School District","=""2630013""","Not Eligible For Lunch",5.3
"Old Saybrook School District","=""1060011""","Kindergarten","*"
"Old Saybrook School District","=""1060011""","Asian","*"
"Old Saybrook School District","=""1060011""","Black or African American","*"
"Old Saybrook School District","=""1060011""","District",6.4
"Old Saybrook School District","=""1060011""","ELL","*"
"Old Saybrook School District","=""1060011""","Eligible For Free Lunch",8.6
"Old Saybrook School District","=""1060011""","Female",6.8
"Old Saybrook School District","=""1060011""","Grade   1",0.0
"Old Saybrook School District","=""1060011""","Grade   2","*"
"Old Saybrook School District","=""1060011""","Grade   3",7.9
"Old Saybrook School District","=""1060011""","Grade   4","*"
"Old Saybrook School District","=""1060011""","Grade   5","*"
"Old Saybrook School District","=""1060011""","Grade   6","*"
"Old Saybrook School District","=""1060011""","Grade   7","*"
"Old Saybrook School District","=""1060011""","Grade   8",4.9
"Old Saybrook School District","=""1060011""","Grade   9",7.6
"Old Saybrook School District","=""1060011""","Grade 10",8.0
"Old Saybrook School District","=""1060011""","Grade 11",8.2
"Old Saybrook School District","=""1060011""","Grade 12",24.1
"Old Saybrook School District","=""1060011""","Hispanic/Latino of any race",5.4
"Old Saybrook School District","=""1060011""","Male",5.9
"Old Saybrook School District","=""1060011""","Native Hawaiian or Other Pacific Islander","*"
"Old Saybrook School District","=""1060011""","Non-ELL",6.5
"Old Saybrook School District","=""1060011""","Non-Special Education",5.5
"Old Saybrook School District","=""1060011""","Special Education",12.1
"Old Saybrook School District","=""1060011""","Two or More Races",17.1
"Old Saybrook School District","=""1060011""","White",6.4
"Old Saybrook School District","=""1060011""","Eligible For Reduced Lunch","*"
"Old Saybrook School District","=""1060011""","Not Eligible For Lunch",6.1
"Orange School District","=""1070011""","Kindergarten","*"
"Orange School District","=""1070011""","American Indian or Alaska Native","*"
"Orange School District","=""1070011""","Asian",6.8
"Orange School District","=""1070011""","Black or African American","*"
"Orange School District","=""1070011""","District",3.2
"Orange School District","=""1070011""","ELL",9.8
"Orange School District","=""1070011""","Eligible For Free Lunch",10.9
"Orange School District","=""1070011""","Female",3.1
"Orange School District","=""1070011""","Grade   1",3.9
"Orange School District","=""1070011""","Grade   2",4.3
"Orange School District","=""1070011""","Grade   3","*"
"Orange School District","=""1070011""","Grade   4","*"
"Orange School District","=""1070011""","Grade   5","*"
"Orange School District","=""1070011""","Grade   6",3.2
"Orange School District","=""1070011""","Hispanic/Latino of any race",0.0
"Orange School District","=""1070011""","Male",3.2
"Orange School District","=""1070011""","Non-ELL",2.8
"Orange School District","=""1070011""","Non-Special Education",2.9
"Orange School District","=""1070011""","Special Education",6.4
"Orange School District","=""1070011""","Two or More Races","*"
"Orange School District","=""1070011""","White",2.5
"Orange School District","=""1070011""","Eligible For Reduced Lunch","*"
"Orange School District","=""1070011""","Not Eligible For Lunch",2.8
"Oxford School District","=""1080011""","Kindergarten","*"
"Oxford School District","=""1080011""","American Indian or Alaska Native","*"
"Oxford School District","=""1080011""","Asian","*"
"Oxford School District","=""1080011""","Black or African American","*"
"Oxford School District","=""1080011""","District",6.8
"Oxford School District","=""1080011""","ELL",0.0
"Oxford School District","=""1080011""","Eligible For Free Lunch",18.6
"Oxford School District","=""1080011""","Female",7.8
"Oxford School District","=""1080011""","Grade   1","*"
"Oxford School District","=""1080011""","Grade   2","*"
"Oxford School District","=""1080011""","Grade   3","*"
"Oxford School District","=""1080011""","Grade   4","*"
"Oxford School District","=""1080011""","Grade   5","*"
"Oxford School District","=""1080011""","Grade   6",6.2
"Oxford School District","=""1080011""","Grade   7",6.8
"Oxford School District","=""1080011""","Grade   8",10.5
"Oxford School District","=""1080011""","Grade   9",5.8
"Oxford School District","=""1080011""","Grade 10",11.3
"Oxford School District","=""1080011""","Grade 11",13.5
"Oxford School District","=""1080011""","Grade 12",21.7
"Oxford School District","=""1080011""","Hispanic/Latino of any race",6.2
"Oxford School District","=""1080011""","Male",5.9
"Oxford School District","=""1080011""","Non-ELL",7.0
"Oxford School District","=""1080011""","Non-Special Education",6.1
"Oxford School District","=""1080011""","Special Education",11.5
"Oxford School District","=""1080011""","Two or More Races",12.8
"Oxford School District","=""1080011""","White",6.8
"Oxford School District","=""1080011""","Eligible For Reduced Lunch",14.6
"Oxford School District","=""1080011""","Not Eligible For Lunch",5.7
"Park City Prep Charter School District","=""2830013""","Asian","*"
"Park City Prep Charter School District","=""2830013""","Black or African American",7.7
"Park City Prep Charter School District","=""2830013""","District",6.3
"Park City Prep Charter School District","=""2830013""","ELL","*"
"Park City Prep Charter School District","=""2830013""","Eligible For Free Lunch",7.2
"Park City Prep Charter School District","=""2830013""","Female","*"
"Park City Prep Charter School District","=""2830013""","Grade   5","*"
"Park City Prep Charter School District","=""2830013""","Grade   6",6.6
"Park City Prep Charter School District","=""2830013""","Grade   7",8.6
"Park City Prep Charter School District","=""2830013""","Grade   8","*"
"Park City Prep Charter School District","=""2830013""","Hispanic/Latino of any race",4.8
"Park City Prep Charter School District","=""2830013""","Male",9.9
"Park City Prep Charter School District","=""2830013""","Non-ELL",6.4
"Park City Prep Charter School District","=""2830013""","Non-Special Education",5.0
"Park City Prep Charter School District","=""2830013""","Special Education",22.2
"Park City Prep Charter School District","=""2830013""","Two or More Races","*"
"Park City Prep Charter School District","=""2830013""","White","*"
"Park City Prep Charter School District","=""2830013""","Eligible For Reduced Lunch","*"
"Park City Prep Charter School District","=""2830013""","Not Eligible For Lunch","*"
"Path Academy District","=""2930013""","Black or African American","*"
"Path Academy District","=""2930013""","District",100.0
"Path Academy District","=""2930013""","ELL",100.0
"Path Academy District","=""2930013""","Eligible For Free Lunch",100.0
"Path Academy District","=""2930013""","Female",100.0
"Path Academy District","=""2930013""","Grade   9",100.0
"Path Academy District","=""2930013""","Grade 10",100.0
"Path Academy District","=""2930013""","Grade 11",100.0
"Path Academy District","=""2930013""","Grade 12","*"
"Path Academy District","=""2930013""","Hispanic/Latino of any race",100.0
"Path Academy District","=""2930013""","Male",100.0
"Path Academy District","=""2930013""","Non-ELL",100.0
"Path Academy District","=""2930013""","Non-Special Education",100.0
"Path Academy District","=""2930013""","Special Education",100.0
"Path Academy District","=""2930013""","White",100.0
"Path Academy District","=""2930013""","Eligible For Reduced Lunch","*"
"Path Academy District","=""2930013""","Not Eligible For Lunch","*"
"Plainfield School District","=""1090011""","Kindergarten",17.1
"Plainfield School District","=""1090011""","American Indian or Alaska Native","*"
"Plainfield School District","=""1090011""","Asian",15.4
"Plainfield School District","=""1090011""","Black or African American",11.5
"Plainfield School District","=""1090011""","District",12.0
"Plainfield School District","=""1090011""","ELL","*"
"Plainfield School District","=""1090011""","Eligible For Free Lunch",17.9
"Plainfield School District","=""1090011""","Female",10.5
"Plainfield School District","=""1090011""","Grade   1",7.1
"Plainfield School District","=""1090011""","Grade   2",5.8
"Plainfield School District","=""1090011""","Grade   3",7.0
"Plainfield School District","=""1090011""","Grade   4",3.6
"Plainfield School District","=""1090011""","Grade   5",4.9
"Plainfield School District","=""1090011""","Grade   6",5.0
"Plainfield School District","=""1090011""","Grade   7",7.7
"Plainfield School District","=""1090011""","Grade   8",8.5
"Plainfield School District","=""1090011""","Grade   9",23.5
"Plainfield School District","=""1090011""","Grade 10",22.0
"Plainfield School District","=""1090011""","Grade 11",18.1
"Plainfield School District","=""1090011""","Grade 12",25.0
"Plainfield School District","=""1090011""","Hispanic/Latino of any race",15.0
"Plainfield School District","=""1090011""","Male",13.4
"Plainfield School District","=""1090011""","Native Hawaiian or Other Pacific Islander","*"
"Plainfield School District","=""1090011""","Non-ELL",11.9
"Plainfield School District","=""1090011""","Non-Special Education",10.3
"Plainfield School District","=""1090011""","Special Education",22.5
"Plainfield School District","=""1090011""","Two or More Races","*"
"Plainfield School District","=""1090011""","White",11.7
"Plainfield School District","=""1090011""","Eligible For Reduced Lunch",14.2
"Plainfield School District","=""1090011""","Not Eligible For Lunch",7.2
"Plainville School District","=""1100011""","Kindergarten",8.9
"Plainville School District","=""1100011""","American Indian or Alaska Native","*"
"Plainville School District","=""1100011""","Asian",0.0
"Plainville School District","=""1100011""","Black or African American",14.7
"Plainville School District","=""1100011""","District",8.2
"Plainville School District","=""1100011""","ELL",11.9
"Plainville School District","=""1100011""","Eligible For Free Lunch",17.2
"Plainville School District","=""1100011""","Female",8.4
"Plainville School District","=""1100011""","Grade   1",4.6
"Plainville School District","=""1100011""","Grade   2",5.7
"Plainville School District","=""1100011""","Grade   3","*"
"Plainville School District","=""1100011""","Grade   4",5.8
"Plainville School District","=""1100011""","Grade   5",4.1
"Plainville School District","=""1100011""","Grade   6",8.4
"Plainville School District","=""1100011""","Grade   7",7.6
"Plainville School District","=""1100011""","Grade   8",8.0
"Plainville School District","=""1100011""","Grade   9",12.2
"Plainville School District","=""1100011""","Grade 10",15.5
"Plainville School District","=""1100011""","Grade 11",9.7
"Plainville School District","=""1100011""","Grade 12",11.3
"Plainville School District","=""1100011""","Hispanic/Latino of any race",10.9
"Plainville School District","=""1100011""","Male",7.9
"Plainville School District","=""1100011""","Native Hawaiian or Other Pacific Islander","*"
"Plainville School District","=""1100011""","Non-ELL",8.0
"Plainville School District","=""1100011""","Non-Special Education",7.4
"Plainville School District","=""1100011""","Special Education",13.4
"Plainville School District","=""1100011""","Two or More Races",8.0
"Plainville School District","=""1100011""","White",7.3
"Plainville School District","=""1100011""","Eligible For Reduced Lunch",7.4
"Plainville School District","=""1100011""","Not Eligible For Lunch",4.9
"Plymouth School District","=""1110011""","Kindergarten","*"
"Plymouth School District","=""1110011""","American Indian or Alaska Native","*"
"Plymouth School District","=""1110011""","Asian","*"
"Plymouth School District","=""1110011""","Black or African American","*"
"Plymouth School District","=""1110011""","District",11.0
"Plymouth School District","=""1110011""","ELL","*"
"Plymouth School District","=""1110011""","Eligible For Free Lunch",20.2
"Plymouth School District","=""1110011""","Female",11.2
"Plymouth School District","=""1110011""","Grade   1","*"
"Plymouth School District","=""1110011""","Grade   2","*"
"Plymouth School District","=""1110011""","Grade   3",10.0
"Plymouth School District","=""1110011""","Grade   4",10.3
"Plymouth School District","=""1110011""","Grade   5","*"
"Plymouth School District","=""1110011""","Grade   6",6.3
"Plymouth School District","=""1110011""","Grade   7",6.0
"Plymouth School District","=""1110011""","Grade   8",7.1
"Plymouth School District","=""1110011""","Grade   9",15.6
"Plymouth School District","=""1110011""","Grade 10",17.2
"Plymouth School District","=""1110011""","Grade 11",22.5
"Plymouth School District","=""1110011""","Grade 12",29.4
"Plymouth School District","=""1110011""","Hispanic/Latino of any race",13.1
"Plymouth School District","=""1110011""","Male",10.8
"Plymouth School District","=""1110011""","Non-ELL",11.0
"Plymouth School District","=""1110011""","Non-Special Education",9.0
"Plymouth School District","=""1110011""","Special Education",22.8
"Plymouth School District","=""1110011""","Two or More Races","*"
"Plymouth School District","=""1110011""","White",10.9
"Plymouth School District","=""1110011""","Eligible For Reduced Lunch",18.0
"Plymouth School District","=""1110011""","Not Eligible For Lunch",7.0
"Pomfret School District","=""1120011""","Kindergarten","*"
"Pomfret School District","=""1120011""","American Indian or Alaska Native","*"
"Pomfret School District","=""1120011""","Asian","*"
"Pomfret School District","=""1120011""","Black or African American","*"
"Pomfret School District","=""1120011""","District",2.6
"Pomfret School District","=""1120011""","ELL","*"
"Pomfret School District","=""1120011""","Eligible For Free Lunch","*"
"Pomfret School District","=""1120011""","Female","*"
"Pomfret School District","=""1120011""","Grade   1",0.0
"Pomfret School District","=""1120011""","Grade   2","*"
"Pomfret School District","=""1120011""","Grade   3","*"
"Pomfret School District","=""1120011""","Grade   4",0.0
"Pomfret School District","=""1120011""","Grade   5","*"
"Pomfret School District","=""1120011""","Grade   6",0.0
"Pomfret School District","=""1120011""","Grade   7",0.0
"Pomfret School District","=""1120011""","Grade   8","*"
"Pomfret School District","=""1120011""","Grade 12","*"
"Pomfret School District","=""1120011""","Hispanic/Latino of any race","*"
"Pomfret School District","=""1120011""","Male",3.3
"Pomfret School District","=""1120011""","Native Hawaiian or Other Pacific Islander","*"
"Pomfret School District","=""1120011""","Non-ELL",2.6
"Pomfret School District","=""1120011""","Non-Special Education",1.7
"Pomfret School District","=""1120011""","Special Education","*"
"Pomfret School District","=""1120011""","White",2.5
"Pomfret School District","=""1120011""","Eligible For Reduced Lunch","*"
"Pomfret School District","=""1120011""","Not Eligible For Lunch","*"
"Portland School District","=""1130011""","Kindergarten","*"
"Portland School District","=""1130011""","American Indian or Alaska Native","*"
"Portland School District","=""1130011""","Asian","*"
"Portland School District","=""1130011""","Black or African American","*"
"Portland School District","=""1130011""","District",6.1
"Portland School District","=""1130011""","ELL","*"
"Portland School District","=""1130011""","Eligible For Free Lunch",15.3
"Portland School District","=""1130011""","Female",5.1
"Portland School District","=""1130011""","Grade   1",8.1
"Portland School District","=""1130011""","Grade   2","*"
"Portland School District","=""1130011""","Grade   3","*"
"Portland School District","=""1130011""","Grade   4","*"
"Portland School District","=""1130011""","Grade   5","*"
"Portland School District","=""1130011""","Grade   6",5.6
"Portland School District","=""1130011""","Grade   7","*"
"Portland School District","=""1130011""","Grade   8",7.3
"Portland School District","=""1130011""","Grade   9",6.5
"Portland School District","=""1130011""","Grade 10",14.0
"Portland School District","=""1130011""","Grade 11",11.3
"Portland School District","=""1130011""","Grade 12",12.6
"Portland School District","=""1130011""","Hispanic/Latino of any race",11.7
"Portland School District","=""1130011""","Male",7.0
"Portland School District","=""1130011""","Native Hawaiian or Other Pacific Islander","*"
"Portland School District","=""1130011""","Non-ELL",6.0
"Portland School District","=""1130011""","Non-Special Education",5.3
"Portland School District","=""1130011""","Special Education",12.8
"Portland School District","=""1130011""","Two or More Races",10.4
"Portland School District","=""1130011""","White",4.7
"Portland School District","=""1130011""","Eligible For Reduced Lunch",13.3
"Portland School District","=""1130011""","Not Eligible For Lunch",3.6
"Preston School District","=""1140011""","Kindergarten","*"
"Preston School District","=""1140011""","American Indian or Alaska Native","*"
"Preston School District","=""1140011""","Asian","*"
"Preston School District","=""1140011""","Black or African American","*"
"Preston School District","=""1140011""","District",4.6
"Preston School District","=""1140011""","ELL","*"
"Preston School District","=""1140011""","Eligible For Free Lunch",10.7
"Preston School District","=""1140011""","Female",3.4
"Preston School District","=""1140011""","Grade   1","*"
"Preston School District","=""1140011""","Grade   2",0.0
"Preston School District","=""1140011""","Grade   3","*"
"Preston School District","=""1140011""","Grade   4","*"
"Preston School District","=""1140011""","Grade   5","*"
"Preston School District","=""1140011""","Grade   6","*"
"Preston School District","=""1140011""","Grade   7","*"
"Preston School District","=""1140011""","Grade   8","*"
"Preston School District","=""1140011""","Grade 12","*"
"Preston School District","=""1140011""","Hispanic/Latino of any race",0.0
"Preston School District","=""1140011""","Male",5.9
"Preston School District","=""1140011""","Native Hawaiian or Other Pacific Islander","*"
"Preston School District","=""1140011""","Non-ELL",4.7
"Preston School District","=""1140011""","Non-Special Education",4.2
"Preston School District","=""1140011""","Special Education","*"
"Preston School District","=""1140011""","Two or More Races",0.0
"Preston School District","=""1140011""","White",4.8
"Preston School District","=""1140011""","Eligible For Reduced Lunch","*"
"Preston School District","=""1140011""","Not Eligible For Lunch",3.5
"Putnam School District","=""1160011""","Kindergarten",9.3
"Putnam School District","=""1160011""","American Indian or Alaska Native","*"
"Putnam School District","=""1160011""","Asian","*"
"Putnam School District","=""1160011""","Black or African American","*"
"Putnam School District","=""1160011""","District",14.7
"Putnam School District","=""1160011""","ELL","*"
"Putnam School District","=""1160011""","Eligible For Free Lunch",19.3
"Putnam School District","=""1160011""","Female",15.0
"Putnam School District","=""1160011""","Grade   1",8.2
"Putnam School District","=""1160011""","Grade   2",6.1
"Putnam School District","=""1160011""","Grade   3","*"
"Putnam School District","=""1160011""","Grade   4","*"
"Putnam School District","=""1160011""","Grade   5",8.3
"Putnam School District","=""1160011""","Grade   6",11.2
"Putnam School District","=""1160011""","Grade   7",15.2
"Putnam School District","=""1160011""","Grade   8",21.9
"Putnam School District","=""1160011""","Grade   9",25.0
"Putnam School District","=""1160011""","Grade 10",18.4
"Putnam School District","=""1160011""","Grade 11",22.6
"Putnam School District","=""1160011""","Grade 12",41.0
"Putnam School District","=""1160011""","Hispanic/Latino of any race",11.8
"Putnam School District","=""1160011""","Male",14.4
"Putnam School District","=""1160011""","Native Hawaiian or Other Pacific Islander","*"
"Putnam School District","=""1160011""","Non-ELL",14.8
"Putnam School District","=""1160011""","Non-Special Education",13.2
"Putnam School District","=""1160011""","Special Education",22.0
"Putnam School District","=""1160011""","Two or More Races",17.3
"Putnam School District","=""1160011""","White",15.1
"Putnam School District","=""1160011""","Eligible For Reduced Lunch",17.0
"Putnam School District","=""1160011""","Not Eligible For Lunch",8.4
"Redding School District","=""1170011""","Kindergarten","*"
"Redding School District","=""1170011""","American Indian or Alaska Native","*"
"Redding School District","=""1170011""","Asian",0.0
"Redding School District","=""1170011""","Black or African American","*"
"Redding School District","=""1170011""","District",3.0
"Redding School District","=""1170011""","ELL","*"
"Redding School District","=""1170011""","Eligible For Free Lunch",0.0
"Redding School District","=""1170011""","Female",2.8
"Redding School District","=""1170011""","Grade   1","*"
"Redding School District","=""1170011""","Grade   2","*"
"Redding School District","=""1170011""","Grade   3","*"
"Redding School District","=""1170011""","Grade   4","*"
"Redding School District","=""1170011""","Grade   5","*"
"Redding School District","=""1170011""","Grade   6","*"
"Redding School District","=""1170011""","Grade   7","*"
"Redding School District","=""1170011""","Grade   8",7.3
"Redding School District","=""1170011""","Hispanic/Latino of any race",0.0
"Redding School District","=""1170011""","Male",3.2
"Redding School District","=""1170011""","Non-ELL",3.1
"Redding School District","=""1170011""","Non-Special Education",2.4
"Redding School District","=""1170011""","Special Education",7.3
"Redding School District","=""1170011""","Two or More Races","*"
"Redding School District","=""1170011""","White",3.3
"Redding School District","=""1170011""","Eligible For Reduced Lunch","*"
"Redding School District","=""1170011""","Not Eligible For Lunch",3.0
"Regional School District 01","=""2010012""","Kindergarten","*"
"Regional School District 01","=""2010012""","Asian","*"
"Regional School District 01","=""2010012""","Black or African American","*"
"Regional School District 01","=""2010012""","District",10.2
"Regional School District 01","=""2010012""","ELL","*"
"Regional School District 01","=""2010012""","Eligible For Free Lunch",13.6
"Regional School District 01","=""2010012""","Female",11.3
"Regional School District 01","=""2010012""","Grade   1","*"
"Regional School District 01","=""2010012""","Grade   3","*"
"Regional School District 01","=""2010012""","Grade   4","*"
"Regional School District 01","=""2010012""","Grade   5","*"
"Regional School District 01","=""2010012""","Grade   7","*"
"Regional School District 01","=""2010012""","Grade   8","*"
"Regional School District 01","=""2010012""","Grade   9",6.6
"Regional School District 01","=""2010012""","Grade 10",8.8
"Regional School District 01","=""2010012""","Grade 11",8.1
"Regional School District 01","=""2010012""","Grade 12",19.0
"Regional School District 01","=""2010012""","Hispanic/Latino of any race","*"
"Regional School District 01","=""2010012""","Male",9.1
"Regional School District 01","=""2010012""","Non-ELL",9.9
"Regional School District 01","=""2010012""","Non-Special Education",9.9
"Regional School District 01","=""2010012""","Special Education",11.8
"Regional School District 01","=""2010012""","Two or More Races","*"
"Regional School District 01","=""2010012""","White",9.8
"Regional School District 01","=""2010012""","Eligible For Reduced Lunch","*"
"Regional School District 01","=""2010012""","Not Eligible For Lunch",9.9
"Regional School District 04","=""2040012""","American Indian or Alaska Native","*"
"Regional School District 04","=""2040012""","Asian","*"
"Regional School District 04","=""2040012""","Black or African American","*"
"Regional School District 04","=""2040012""","District",6.8
"Regional School District 04","=""2040012""","ELL","*"
"Regional School District 04","=""2040012""","Eligible For Free Lunch",14.1
"Regional School District 04","=""2040012""","Female",5.9
"Regional School District 04","=""2040012""","Grade   7","*"
"Regional School District 04","=""2040012""","Grade   8",6.0
"Regional School District 04","=""2040012""","Grade   9",6.0
"Regional School District 04","=""2040012""","Grade 10",8.4
"Regional School District 04","=""2040012""","Grade 11",6.2
"Regional School District 04","=""2040012""","Grade 12",11.3
"Regional School District 04","=""2040012""","Hispanic/Latino of any race","*"
"Regional School District 04","=""2040012""","Male",7.7
"Regional School District 04","=""2040012""","Non-ELL",6.8
"Regional School District 04","=""2040012""","Non-Special Education",4.8
"Regional School District 04","=""2040012""","Special Education",18.5
"Regional School District 04","=""2040012""","Two or More Races","*"
"Regional School District 04","=""2040012""","White",6.8
"Regional School District 04","=""2040012""","Eligible For Reduced Lunch","*"
"Regional School District 04","=""2040012""","Not Eligible For Lunch",5.9
"Regional School District 05","=""2050012""","American Indian or Alaska Native","*"
"Regional School District 05","=""2050012""","Asian","*"
"Regional School District 05","=""2050012""","Black or African American","*"
"Regional School District 05","=""2050012""","District",2.7
"Regional School District 05","=""2050012""","ELL","*"
"Regional School District 05","=""2050012""","Eligible For Free Lunch",6.5
"Regional School District 05","=""2050012""","Female",2.9
"Regional School District 05","=""2050012""","Grade   7",5.8
"Regional School District 05","=""2050012""","Grade   8",7.0
"Regional School District 05","=""2050012""","Grade   9","*"
"Regional School District 05","=""2050012""","Grade 10","*"
"Regional School District 05","=""2050012""","Grade 11","*"
"Regional School District 05","=""2050012""","Grade 12","*"
"Regional School District 05","=""2050012""","Hispanic/Latino of any race","*"
"Regional School District 05","=""2050012""","Male",2.5
"Regional School District 05","=""2050012""","Native Hawaiian or Other Pacific Islander","*"
"Regional School District 05","=""2050012""","Non-ELL",2.7
"Regional School District 05","=""2050012""","Non-Special Education",2.0
"Regional School District 05","=""2050012""","Special Education",8.1
"Regional School District 05","=""2050012""","Two or More Races","*"
"Regional School District 05","=""2050012""","White",2.8
"Regional School District 05","=""2050012""","Eligible For Reduced Lunch","*"
"Regional School District 05","=""2050012""","Not Eligible For Lunch",2.6
"Regional School District 06","=""2060012""","Kindergarten","*"
"Regional School District 06","=""2060012""","American Indian or Alaska Native","*"
"Regional School District 06","=""2060012""","Asian","*"
"Regional School District 06","=""2060012""","Black or African American","*"
"Regional School District 06","=""2060012""","District",4.8
"Regional School District 06","=""2060012""","ELL","*"
"Regional School District 06","=""2060012""","Eligible For Free Lunch",9.4
"Regional School District 06","=""2060012""","Female",4.4
"Regional School District 06","=""2060012""","Grade   1","*"
"Regional School District 06","=""2060012""","Grade   2","*"
"Regional School District 06","=""2060012""","Grade   3","*"
"Regional School District 06","=""2060012""","Grade   4","*"
"Regional School District 06","=""2060012""","Grade   5",0.0
"Regional School District 06","=""2060012""","Grade   6","*"
"Regional School District 06","=""2060012""","Grade   7","*"
"Regional School District 06","=""2060012""","Grade   8",0.0
"Regional School District 06","=""2060012""","Grade   9","*"
"Regional School District 06","=""2060012""","Grade 10","*"
"Regional School District 06","=""2060012""","Grade 11","*"
"Regional School District 06","=""2060012""","Grade 12",12.9
"Regional School District 06","=""2060012""","Hispanic/Latino of any race","*"
"Regional School District 06","=""2060012""","Male",5.2
"Regional School District 06","=""2060012""","Native Hawaiian or Other Pacific Islander","*"
"Regional School District 06","=""2060012""","Non-ELL",4.9
"Regional School District 06","=""2060012""","Non-Special Education",4.6
"Regional School District 06","=""2060012""","Special Education",5.7
"Regional School District 06","=""2060012""","Two or More Races","*"
"Regional School District 06","=""2060012""","White",4.5
"Regional School District 06","=""2060012""","Eligible For Reduced Lunch","*"
"Regional School District 06","=""2060012""","Not Eligible For Lunch",3.8
"Regional School District 07","=""2070012""","American Indian or Alaska Native","*"
"Regional School District 07","=""2070012""","Asian","*"
"Regional School District 07","=""2070012""","Black or African American","*"
"Regional School District 07","=""2070012""","District",4.6
"Regional School District 07","=""2070012""","Eligible For Free Lunch",10.0
"Regional School District 07","=""2070012""","Female",4.4
"Regional School District 07","=""2070012""","Grade   7","*"
"Regional School District 07","=""2070012""","Grade   8","*"
"Regional School District 07","=""2070012""","Grade   9",3.5
"Regional School District 07","=""2070012""","Grade 10","*"
"Regional School District 07","=""2070012""","Grade 11",5.1
"Regional School District 07","=""2070012""","Grade 12",11.2
"Regional School District 07","=""2070012""","Hispanic/Latino of any race","*"
"Regional School District 07","=""2070012""","Male",4.8
"Regional School District 07","=""2070012""","Non-ELL",4.6
"Regional School District 07","=""2070012""","Non-Special Education",2.8
"Regional School District 07","=""2070012""","Special Education",16.6
"Regional School District 07","=""2070012""","Two or More Races","*"
"Regional School District 07","=""2070012""","White",4.3
"Regional School District 07","=""2070012""","Eligible For Reduced Lunch","*"
"Regional School District 07","=""2070012""","Not Eligible For Lunch",4.0
"Regional School District 08","=""2080012""","American Indian or Alaska Native","*"
"Regional School District 08","=""2080012""","Asian","*"
"Regional School District 08","=""2080012""","Black or African American","*"
"Regional School District 08","=""2080012""","District",6.9
"Regional School District 08","=""2080012""","Eligible For Free Lunch",22.6
"Regional School District 08","=""2080012""","Female",6.4
"Regional School District 08","=""2080012""","Grade   7",3.8
"Regional School District 08","=""2080012""","Grade   8",2.5
"Regional School District 08","=""2080012""","Grade   9",7.0
"Regional School District 08","=""2080012""","Grade 10",7.1
"Regional School District 08","=""2080012""","Grade 11",8.4
"Regional School District 08","=""2080012""","Grade 12",12.9
"Regional School District 08","=""2080012""","Hispanic/Latino of any race","*"
"Regional School District 08","=""2080012""","Male",7.3
"Regional School District 08","=""2080012""","Non-ELL",6.9
"Regional School District 08","=""2080012""","Non-Special Education",5.3
"Regional School District 08","=""2080012""","Special Education",18.6
"Regional School District 08","=""2080012""","Two or More Races","*"
"Regional School District 08","=""2080012""","White",6.8
"Regional School District 08","=""2080012""","Eligible For Reduced Lunch","*"
"Regional School District 08","=""2080012""","Not Eligible For Lunch",5.7
"Regional School District 09","=""2090012""","American Indian or Alaska Native","*"
"Regional School District 09","=""2090012""","Asian","*"
"Regional School District 09","=""2090012""","Black or African American","*"
"Regional School District 09","=""2090012""","District",9.4
"Regional School District 09","=""2090012""","ELL","*"
"Regional School District 09","=""2090012""","Eligible For Free Lunch","*"
"Regional School District 09","=""2090012""","Female",9.4
"Regional School District 09","=""2090012""","Grade   9",5.5
"Regional School District 09","=""2090012""","Grade 10",6.8
"Regional School District 09","=""2090012""","Grade 11",7.6
"Regional School District 09","=""2090012""","Grade 12",17.6
"Regional School District 09","=""2090012""","Hispanic/Latino of any race",15.8
"Regional School District 09","=""2090012""","Male",9.4
"Regional School District 09","=""2090012""","Native Hawaiian or Other Pacific Islander","*"
"Regional School District 09","=""2090012""","Non-ELL",9.4
"Regional School District 09","=""2090012""","Non-Special Education",8.3
"Regional School District 09","=""2090012""","Special Education",19.3
"Regional School District 09","=""2090012""","Two or More Races",19.4
"Regional School District 09","=""2090012""","White",8.7
"Regional School District 09","=""2090012""","Eligible For Reduced Lunch","*"
"Regional School District 09","=""2090012""","Not Eligible For Lunch",9.3
"Regional School District 10","=""2100012""","Kindergarten","*"
"Regional School District 10","=""2100012""","American Indian or Alaska Native","*"
"Regional School District 10","=""2100012""","Asian","*"
"Regional School District 10","=""2100012""","Black or African American","*"
"Regional School District 10","=""2100012""","District",6.2
"Regional School District 10","=""2100012""","ELL",0.0
"Regional School District 10","=""2100012""","Eligible For Free Lunch",19.3
"Regional School District 10","=""2100012""","Female",6.7
"Regional School District 10","=""2100012""","Grade   1","*"
"Regional School District 10","=""2100012""","Grade   2","*"
"Regional School District 10","=""2100012""","Grade   3","*"
"Regional School District 10","=""2100012""","Grade   4","*"
"Regional School District 10","=""2100012""","Grade   5","*"
"Regional School District 10","=""2100012""","Grade   6",3.8
"Regional School District 10","=""2100012""","Grade   7","*"
"Regional School District 10","=""2100012""","Grade   8",5.6
"Regional School District 10","=""2100012""","Grade   9",10.4
"Regional School District 10","=""2100012""","Grade 10",11.3
"Regional School District 10","=""2100012""","Grade 11",12.6
"Regional School District 10","=""2100012""","Grade 12",20.8
"Regional School District 10","=""2100012""","Hispanic/Latino of any race",10.6
"Regional School District 10","=""2100012""","Male",5.7
"Regional School District 10","=""2100012""","Native Hawaiian or Other Pacific Islander","*"
"Regional School District 10","=""2100012""","Non-ELL",6.3
"Regional School District 10","=""2100012""","Non-Special Education",5.8
"Regional School District 10","=""2100012""","Special Education",9.8
"Regional School District 10","=""2100012""","Two or More Races","*"
"Regional School District 10","=""2100012""","White",6.2
"Regional School District 10","=""2100012""","Eligible For Reduced Lunch","*"
"Regional School District 10","=""2100012""","Not Eligible For Lunch",5.3
"Regional School District 11","=""2110012""","Asian","*"
"Regional School District 11","=""2110012""","Black or African American","*"
"Regional School District 11","=""2110012""","District",9.3
"Regional School District 11","=""2110012""","ELL","*"
"Regional School District 11","=""2110012""","Eligible For Free Lunch",10.8
"Regional School District 11","=""2110012""","Female",12.9
"Regional School District 11","=""2110012""","Grade   7",11.8
"Regional School District 11","=""2110012""","Grade   8","*"
"Regional School District 11","=""2110012""","Grade   9","*"
"Regional School District 11","=""2110012""","Grade 10","*"
"Regional School District 11","=""2110012""","Grade 11",18.2
"Regional School District 11","=""2110012""","Grade 12","*"
"Regional School District 11","=""2110012""","Hispanic/Latino of any race","*"
"Regional School District 11","=""2110012""","Male",6.1
"Regional School District 11","=""2110012""","Native Hawaiian or Other Pacific Islander","*"
"Regional School District 11","=""2110012""","Non-ELL",9.4
"Regional School District 11","=""2110012""","Non-Special Education",9.8
"Regional School District 11","=""2110012""","Special Education","*"
"Regional School District 11","=""2110012""","Two or More Races","*"
"Regional School District 11","=""2110012""","White",10.5
"Regional School District 11","=""2110012""","Eligible For Reduced Lunch","*"
"Regional School District 11","=""2110012""","Not Eligible For Lunch",9.0
"Regional School District 12","=""2120012""","Kindergarten","*"
"Regional School District 12","=""2120012""","Asian","*"
"Regional School District 12","=""2120012""","Black or African American","*"
"Regional School District 12","=""2120012""","District",5.7
"Regional School District 12","=""2120012""","ELL","*"
"Regional School District 12","=""2120012""","Eligible For Free Lunch",12.0
"Regional School District 12","=""2120012""","Female",6.4
"Regional School District 12","=""2120012""","Grade   1","*"
"Regional School District 12","=""2120012""","Grade   2","*"
"Regional School District 12","=""2120012""","Grade   3",0.0
"Regional School District 12","=""2120012""","Grade   4","*"
"Regional School District 12","=""2120012""","Grade   5","*"
"Regional School District 12","=""2120012""","Grade   6","*"
"Regional School District 12","=""2120012""","Grade   7",15.9
"Regional School District 12","=""2120012""","Grade   8","*"
"Regional School District 12","=""2120012""","Grade   9","*"
"Regional School District 12","=""2120012""","Grade 10","*"
"Regional School District 12","=""2120012""","Grade 11","*"
"Regional School District 12","=""2120012""","Grade 12",8.6
"Regional School District 12","=""2120012""","Hispanic/Latino of any race","*"
"Regional School District 12","=""2120012""","Male",5.0
"Regional School District 12","=""2120012""","Native Hawaiian or Other Pacific Islander","*"
"Regional School District 12","=""2120012""","Non-ELL",5.8
"Regional School District 12","=""2120012""","Non-Special Education",5.5
"Regional School District 12","=""2120012""","Special Education",6.6
"Regional School District 12","=""2120012""","Two or More Races","*"
"Regional School District 12","=""2120012""","White",5.8
"Regional School District 12","=""2120012""","Eligible For Reduced Lunch","*"
"Regional School District 12","=""2120012""","Not Eligible For Lunch",5.0
"Regional School District 13","=""2130012""","Kindergarten","*"
"Regional School District 13","=""2130012""","American Indian or Alaska Native","*"
"Regional School District 13","=""2130012""","Asian","*"
"Regional School District 13","=""2130012""","Black or African American","*"
"Regional School District 13","=""2130012""","District",5.1
"Regional School District 13","=""2130012""","ELL","*"
"Regional School District 13","=""2130012""","Eligible For Free Lunch",17.9
"Regional School District 13","=""2130012""","Female",5.7
"Regional School District 13","=""2130012""","Grade   1",0.0
"Regional School District 13","=""2130012""","Grade   2","*"
"Regional School District 13","=""2130012""","Grade   3","*"
"Regional School District 13","=""2130012""","Grade   4","*"
"Regional School District 13","=""2130012""","Grade   5","*"
"Regional School District 13","=""2130012""","Grade   6","*"
"Regional School District 13","=""2130012""","Grade   7","*"
"Regional School District 13","=""2130012""","Grade   8",7.0
"Regional School District 13","=""2130012""","Grade   9",5.5
"Regional School District 13","=""2130012""","Grade 10",10.2
"Regional School District 13","=""2130012""","Grade 11",8.2
"Regional School District 13","=""2130012""","Grade 12",15.2
"Regional School District 13","=""2130012""","Hispanic/Latino of any race","*"
"Regional School District 13","=""2130012""","Male",4.5
"Regional School District 13","=""2130012""","Non-ELL",5.1
"Regional School District 13","=""2130012""","Non-Special Education",3.7
"Regional School District 13","=""2130012""","Special Education",12.7
"Regional School District 13","=""2130012""","Two or More Races","*"
"Regional School District 13","=""2130012""","White",5.1
"Regional School District 13","=""2130012""","Eligible For Reduced Lunch","*"
"Regional School District 13","=""2130012""","Not Eligible For Lunch",4.2
"Regional School District 14","=""2140012""","Kindergarten",8.3
"Regional School District 14","=""2140012""","American Indian or Alaska Native","*"
"Regional School District 14","=""2140012""","Asian","*"
"Regional School District 14","=""2140012""","Black or African American","*"
"Regional School District 14","=""2140012""","District",6.3
"Regional School District 14","=""2140012""","ELL",0.0
"Regional School District 14","=""2140012""","Eligible For Free Lunch",11.0
"Regional School District 14","=""2140012""","Female",7.1
"Regional School District 14","=""2140012""","Grade   1",8.6
"Regional School District 14","=""2140012""","Grade   2",5.1
"Regional School District 14","=""2140012""","Grade   3","*"
"Regional School District 14","=""2140012""","Grade   4",5.5
"Regional School District 14","=""2140012""","Grade   5",9.0
"Regional School District 14","=""2140012""","Grade   6","*"
"Regional School District 14","=""2140012""","Grade   7",6.8
"Regional School District 14","=""2140012""","Grade   8","*"
"Regional School District 14","=""2140012""","Grade   9",4.5
"Regional School District 14","=""2140012""","Grade 10",6.2
"Regional School District 14","=""2140012""","Grade 11",10.4
"Regional School District 14","=""2140012""","Grade 12",7.0
"Regional School District 14","=""2140012""","Hispanic/Latino of any race","*"
"Regional School District 14","=""2140012""","Male",5.3
"Regional School District 14","=""2140012""","Non-ELL",6.4
"Regional School District 14","=""2140012""","Non-Special Education",5.3
"Regional School District 14","=""2140012""","Special Education",12.7
"Regional School District 14","=""2140012""","Two or More Races","*"
"Regional School District 14","=""2140012""","White",6.1
"Regional School District 14","=""2140012""","Eligible For Reduced Lunch","*"
"Regional School District 14","=""2140012""","Not Eligible For Lunch",5.6
"Regional School District 15","=""2150012""","Kindergarten",4.0
"Regional School District 15","=""2150012""","American Indian or Alaska Native","*"
"Regional School District 15","=""2150012""","Asian","*"
"Regional School District 15","=""2150012""","Black or African American",0.0
"Regional School District 15","=""2150012""","District",3.1
"Regional School District 15","=""2150012""","ELL","*"
"Regional School District 15","=""2150012""","Eligible For Free Lunch",6.0
"Regional School District 15","=""2150012""","Female",2.9
"Regional School District 15","=""2150012""","Grade   1",3.0
"Regional School District 15","=""2150012""","Grade   2",4.0
"Regional School District 15","=""2150012""","Grade   3","*"
"Regional School District 15","=""2150012""","Grade   4",2.4
"Regional School District 15","=""2150012""","Grade   5","*"
"Regional School District 15","=""2150012""","Grade   6",3.0
"Regional School District 15","=""2150012""","Grade   7",3.1
"Regional School District 15","=""2150012""","Grade   8",3.7
"Regional School District 15","=""2150012""","Grade   9",2.7
"Regional School District 15","=""2150012""","Grade 10",4.1
"Regional School District 15","=""2150012""","Grade 11","*"
"Regional School District 15","=""2150012""","Grade 12",5.7
"Regional School District 15","=""2150012""","Hispanic/Latino of any race",5.9
"Regional School District 15","=""2150012""","Male",3.3
"Regional School District 15","=""2150012""","Native Hawaiian or Other Pacific Islander","*"
"Regional School District 15","=""2150012""","Non-ELL",3.0
"Regional School District 15","=""2150012""","Non-Special Education",2.3
"Regional School District 15","=""2150012""","Special Education",7.6
"Regional School District 15","=""2150012""","Two or More Races","*"
"Regional School District 15","=""2150012""","White",3.1
"Regional School District 15","=""2150012""","Eligible For Reduced Lunch","*"
"Regional School District 15","=""2150012""","Not Eligible For Lunch",2.9
"Regional School District 16","=""2160012""","Kindergarten",9.0
"Regional School District 16","=""2160012""","American Indian or Alaska Native","*"
"Regional School District 16","=""2160012""","Asian","*"
"Regional School District 16","=""2160012""","Black or African American","*"
"Regional School District 16","=""2160012""","District",7.2
"Regional School District 16","=""2160012""","ELL","*"
"Regional School District 16","=""2160012""","Eligible For Free Lunch",18.1
"Regional School District 16","=""2160012""","Female",6.1
"Regional School District 16","=""2160012""","Grade   1",7.9
"Regional School District 16","=""2160012""","Grade   2","*"
"Regional School District 16","=""2160012""","Grade   3",3.4
"Regional School District 16","=""2160012""","Grade   4",4.9
"Regional School District 16","=""2160012""","Grade   5",8.2
"Regional School District 16","=""2160012""","Grade   6",3.6
"Regional School District 16","=""2160012""","Grade   7",7.2
"Regional School District 16","=""2160012""","Grade   8",7.6
"Regional School District 16","=""2160012""","Grade   9",4.7
"Regional School District 16","=""2160012""","Grade 10",7.1
"Regional School District 16","=""2160012""","Grade 11",9.4
"Regional School District 16","=""2160012""","Grade 12",16.1
"Regional School District 16","=""2160012""","Hispanic/Latino of any race",8.5
"Regional School District 16","=""2160012""","Male",8.3
"Regional School District 16","=""2160012""","Native Hawaiian or Other Pacific Islander","*"
"Regional School District 16","=""2160012""","Non-ELL",7.1
"Regional School District 16","=""2160012""","Non-Special Education",6.3
"Regional School District 16","=""2160012""","Special Education",12.7
"Regional School District 16","=""2160012""","Two or More Races","*"
"Regional School District 16","=""2160012""","White",7.0
"Regional School District 16","=""2160012""","Eligible For Reduced Lunch",20.5
"Regional School District 16","=""2160012""","Not Eligible For Lunch",5.4
"Regional School District 17","=""2170012""","Kindergarten","*"
"Regional School District 17","=""2170012""","American Indian or Alaska Native","*"
"Regional School District 17","=""2170012""","Asian","*"
"Regional School District 17","=""2170012""","Black or African American","*"
"Regional School District 17","=""2170012""","District",4.3
"Regional School District 17","=""2170012""","ELL","*"
"Regional School District 17","=""2170012""","Eligible For Free Lunch",13.6
"Regional School District 17","=""2170012""","Female",4.2
"Regional School District 17","=""2170012""","Grade   1","*"
"Regional School District 17","=""2170012""","Grade   2","*"
"Regional School District 17","=""2170012""","Grade   3","*"
"Regional School District 17","=""2170012""","Grade   4",3.6
"Regional School District 17","=""2170012""","Grade   5","*"
"Regional School District 17","=""2170012""","Grade   6","*"
"Regional School District 17","=""2170012""","Grade   7",4.7
"Regional School District 17","=""2170012""","Grade   8",3.2
"Regional School District 17","=""2170012""","Grade   9",4.2
"Regional School District 17","=""2170012""","Grade 10",8.3
"Regional School District 17","=""2170012""","Grade 11",10.0
"Regional School District 17","=""2170012""","Grade 12",12.6
"Regional School District 17","=""2170012""","Hispanic/Latino of any race",18.2
"Regional School District 17","=""2170012""","Male",4.5
"Regional School District 17","=""2170012""","Non-ELL",4.3
"Regional School District 17","=""2170012""","Non-Special Education",3.5
"Regional School District 17","=""2170012""","Special Education",8.3
"Regional School District 17","=""2170012""","Two or More Races",0.0
"Regional School District 17","=""2170012""","White",4.1
"Regional School District 17","=""2170012""","Eligible For Reduced Lunch","*"
"Regional School District 17","=""2170012""","Not Eligible For Lunch",3.7
"Regional School District 18","=""2180012""","Kindergarten","*"
"Regional School District 18","=""2180012""","American Indian or Alaska Native","*"
"Regional School District 18","=""2180012""","Asian","*"
"Regional School District 18","=""2180012""","Black or African American","*"
"Regional School District 18","=""2180012""","District",6.9
"Regional School District 18","=""2180012""","ELL","*"
"Regional School District 18","=""2180012""","Eligible For Free Lunch",25.6
"Regional School District 18","=""2180012""","Female",7.8
"Regional School District 18","=""2180012""","Grade   1","*"
"Regional School District 18","=""2180012""","Grade   2","*"
"Regional School District 18","=""2180012""","Grade   3","*"
"Regional School District 18","=""2180012""","Grade   4","*"
"Regional School District 18","=""2180012""","Grade   5","*"
"Regional School District 18","=""2180012""","Grade   6",7.7
"Regional School District 18","=""2180012""","Grade   7",5.7
"Regional School District 18","=""2180012""","Grade   8","*"
"Regional School District 18","=""2180012""","Grade   9",8.3
"Regional School District 18","=""2180012""","Grade 10",15.4
"Regional School District 18","=""2180012""","Grade 11",6.7
"Regional School District 18","=""2180012""","Grade 12",11.7
"Regional School District 18","=""2180012""","Hispanic/Latino of any race","*"
"Regional School District 18","=""2180012""","Male",5.9
"Regional School District 18","=""2180012""","Non-ELL",6.8
"Regional School District 18","=""2180012""","Non-Special Education",6.3
"Regional School District 18","=""2180012""","Special Education",11.2
"Regional School District 18","=""2180012""","Two or More Races",0.0
"Regional School District 18","=""2180012""","White",7.1
"Regional School District 18","=""2180012""","Eligible For Reduced Lunch","*"
"Regional School District 18","=""2180012""","Not Eligible For Lunch",5.5
"Regional School District 19","=""2190012""","American Indian or Alaska Native","*"
"Regional School District 19","=""2190012""","Asian",0.0
"Regional School District 19","=""2190012""","Black or African American","*"
"Regional School District 19","=""2190012""","District",9.2
"Regional School District 19","=""2190012""","ELL","*"
"Regional School District 19","=""2190012""","Eligible For Free Lunch",19.4
"Regional School District 19","=""2190012""","Female",10.7
"Regional School District 19","=""2190012""","Grade   9",8.7
"Regional School District 19","=""2190012""","Grade 10",7.5
"Regional School District 19","=""2190012""","Grade 11",9.8
"Regional School District 19","=""2190012""","Grade 12",10.7
"Regional School District 19","=""2190012""","Hispanic/Latino of any race",15.7
"Regional School District 19","=""2190012""","Male",7.4
"Regional School District 19","=""2190012""","Native Hawaiian or Other Pacific Islander","*"
"Regional School District 19","=""2190012""","Non-ELL",9.0
"Regional School District 19","=""2190012""","Non-Special Education",7.8
"Regional School District 19","=""2190012""","Special Education",16.5
"Regional School District 19","=""2190012""","Two or More Races",0.0
"Regional School District 19","=""2190012""","White",8.8
"Regional School District 19","=""2190012""","Eligible For Reduced Lunch",20.0
"Regional School District 19","=""2190012""","Not Eligible For Lunch",6.8
"Ridgefield School District","=""1180011""","Kindergarten",2.9
"Ridgefield School District","=""1180011""","American Indian or Alaska Native","*"
"Ridgefield School District","=""1180011""","Asian",3.5
"Ridgefield School District","=""1180011""","Black or African American","*"
"Ridgefield School District","=""1180011""","District",4.5
"Ridgefield School District","=""1180011""","ELL","*"
"Ridgefield School District","=""1180011""","Eligible For Free Lunch",12.2
"Ridgefield School District","=""1180011""","Female",4.7
"Ridgefield School District","=""1180011""","Grade   1","*"
"Ridgefield School District","=""1180011""","Grade   2",2.0
"Ridgefield School District","=""1180011""","Grade   3","*"
"Ridgefield School District","=""1180011""","Grade   4","*"
"Ridgefield School District","=""1180011""","Grade   5",1.7
"Ridgefield School District","=""1180011""","Grade   6",3.4
"Ridgefield School District","=""1180011""","Grade   7",2.4
"Ridgefield School District","=""1180011""","Grade   8",3.4
"Ridgefield School District","=""1180011""","Grade   9",6.4
"Ridgefield School District","=""1180011""","Grade 10",9.8
"Ridgefield School District","=""1180011""","Grade 11",8.3
"Ridgefield School District","=""1180011""","Grade 12",11.8
"Ridgefield School District","=""1180011""","Hispanic/Latino of any race",4.9
"Ridgefield School District","=""1180011""","Male",4.4
"Ridgefield School District","=""1180011""","Native Hawaiian or Other Pacific Islander","*"
"Ridgefield School District","=""1180011""","Non-ELL",4.6
"Ridgefield School District","=""1180011""","Non-Special Education",3.9
"Ridgefield School District","=""1180011""","Special Education",10.6
"Ridgefield School District","=""1180011""","Two or More Races","*"
"Ridgefield School District","=""1180011""","White",4.7
"Ridgefield School District","=""1180011""","Eligible For Reduced Lunch","*"
"Ridgefield School District","=""1180011""","Not Eligible For Lunch",4.4
"Rocky Hill School District","=""1190011""","Kindergarten",11.1
"Rocky Hill School District","=""1190011""","American Indian or Alaska Native","*"
"Rocky Hill School District","=""1190011""","Asian",14.9
"Rocky Hill School District","=""1190011""","Black or African American",12.4
"Rocky Hill School District","=""1190011""","District",8.3
"Rocky Hill School District","=""1190011""","ELL",13.0
"Rocky Hill School District","=""1190011""","Eligible For Free Lunch",16.6
"Rocky Hill School District","=""1190011""","Female",9.3
"Rocky Hill School District","=""1190011""","Grade   1",9.8
"Rocky Hill School District","=""1190011""","Grade   2",7.5
"Rocky Hill School District","=""1190011""","Grade   3",9.9
"Rocky Hill School District","=""1190011""","Grade   4",8.2
"Rocky Hill School District","=""1190011""","Grade   5",7.3
"Rocky Hill School District","=""1190011""","Grade   6",7.0
"Rocky Hill School District","=""1190011""","Grade   7",6.3
"Rocky Hill School District","=""1190011""","Grade   8",4.6
"Rocky Hill School District","=""1190011""","Grade   9",4.4
"Rocky Hill School District","=""1190011""","Grade 10",6.1
"Rocky Hill School District","=""1190011""","Grade 11",10.3
"Rocky Hill School District","=""1190011""","Grade 12",14.9
"Rocky Hill School District","=""1190011""","Hispanic/Latino of any race",16.3
"Rocky Hill School District","=""1190011""","Male",7.2
"Rocky Hill School District","=""1190011""","Non-ELL",7.9
"Rocky Hill School District","=""1190011""","Non-Special Education",7.7
"Rocky Hill School District","=""1190011""","Special Education",13.8
"Rocky Hill School District","=""1190011""","Two or More Races","*"
"Rocky Hill School District","=""1190011""","White",4.9
"Rocky Hill School District","=""1190011""","Eligible For Reduced Lunch",9.5
"Rocky Hill School District","=""1190011""","Not Eligible For Lunch",7.0
"Salem School District","=""1210011""","Kindergarten","*"
"Salem School District","=""1210011""","American Indian or Alaska Native","*"
"Salem School District","=""1210011""","Asian","*"
"Salem School District","=""1210011""","Black or African American","*"
"Salem School District","=""1210011""","District",5.0
"Salem School District","=""1210011""","Eligible For Free Lunch","*"
"Salem School District","=""1210011""","Female",5.9
"Salem School District","=""1210011""","Grade   1","*"
"Salem School District","=""1210011""","Grade   2",0.0
"Salem School District","=""1210011""","Grade   3","*"
"Salem School District","=""1210011""","Grade   4","*"
"Salem School District","=""1210011""","Grade   5","*"
"Salem School District","=""1210011""","Grade   6","*"
"Salem School District","=""1210011""","Grade   7","*"
"Salem School District","=""1210011""","Grade   8","*"
"Salem School District","=""1210011""","Grade   9","*"
"Salem School District","=""1210011""","Grade 11","*"
"Salem School District","=""1210011""","Grade 12","*"
"Salem School District","=""1210011""","Hispanic/Latino of any race","*"
"Salem School District","=""1210011""","Male",4.1
"Salem School District","=""1210011""","Native Hawaiian or Other Pacific Islander","*"
"Salem School District","=""1210011""","Non-ELL",5.0
"Salem School District","=""1210011""","Non-Special Education",3.8
"Salem School District","=""1210011""","Special Education",10.0
"Salem School District","=""1210011""","Two or More Races","*"
"Salem School District","=""1210011""","White",4.2
"Salem School District","=""1210011""","Eligible For Reduced Lunch","*"
"Salem School District","=""1210011""","Not Eligible For Lunch",3.8
"Salisbury School District","=""1220011""","Kindergarten",20.0
"Salisbury School District","=""1220011""","Asian","*"
"Salisbury School District","=""1220011""","Black or African American","*"
"Salisbury School District","=""1220011""","District",4.4
"Salisbury School District","=""1220011""","ELL","*"
"Salisbury School District","=""1220011""","Eligible For Free Lunch","*"
"Salisbury School District","=""1220011""","Female",5.3
"Salisbury School District","=""1220011""","Grade   1",0.0
"Salisbury School District","=""1220011""","Grade   2","*"
"Salisbury School District","=""1220011""","Grade   3",0.0
"Salisbury School District","=""1220011""","Grade   4","*"
"Salisbury School District","=""1220011""","Grade   5",0.0
"Salisbury School District","=""1220011""","Grade   6","*"
"Salisbury School District","=""1220011""","Grade   7",0.0
"Salisbury School District","=""1220011""","Grade   8","*"
"Salisbury School District","=""1220011""","Hispanic/Latino of any race","*"
"Salisbury School District","=""1220011""","Male","*"
"Salisbury School District","=""1220011""","Non-ELL",4.5
"Salisbury School District","=""1220011""","Non-Special Education",4.4
"Salisbury School District","=""1220011""","Special Education","*"
"Salisbury School District","=""1220011""","Two or More Races",0.0
"Salisbury School District","=""1220011""","White",4.5
"Salisbury School District","=""1220011""","Eligible For Reduced Lunch","*"
"Salisbury School District","=""1220011""","Not Eligible For Lunch",3.2
"Scotland School District","=""1230011""","Kindergarten","*"
"Scotland School District","=""1230011""","District","*"
"Scotland School District","=""1230011""","Eligible For Free Lunch","*"
"Scotland School District","=""1230011""","Female","*"
"Scotland School District","=""1230011""","Grade   1","*"
"Scotland School District","=""1230011""","Grade   2","*"
"Scotland School District","=""1230011""","Grade   3","*"
"Scotland School District","=""1230011""","Grade   4","*"
"Scotland School District","=""1230011""","Grade   5","*"
"Scotland School District","=""1230011""","Grade   6","*"
"Scotland School District","=""1230011""","Hispanic/Latino of any race","*"
"Scotland School District","=""1230011""","Male","*"
"Scotland School District","=""1230011""","Non-ELL","*"
"Scotland School District","=""1230011""","Non-Special Education","*"
"Scotland School District","=""1230011""","Special Education","*"
"Scotland School District","=""1230011""","Two or More Races","*"
"Scotland School District","=""1230011""","White","*"
"Scotland School District","=""1230011""","Eligible For Reduced Lunch","*"
"Scotland School District","=""1230011""","Not Eligible For Lunch","*"
"Seymour School District","=""1240011""","Kindergarten","*"
"Seymour School District","=""1240011""","American Indian or Alaska Native","*"
"Seymour School District","=""1240011""","Asian",8.1
"Seymour School District","=""1240011""","Black or African American",10.3
"Seymour School District","=""1240011""","District",8.6
"Seymour School District","=""1240011""","ELL","*"
"Seymour School District","=""1240011""","Eligible For Free Lunch",20.0
"Seymour School District","=""1240011""","Female",8.5
"Seymour School District","=""1240011""","Grade   1",5.7
"Seymour School District","=""1240011""","Grade   2",6.0
"Seymour School District","=""1240011""","Grade   3",6.2
"Seymour School District","=""1240011""","Grade   4",4.7
"Seymour School District","=""1240011""","Grade   5",8.0
"Seymour School District","=""1240011""","Grade   6",6.6
"Seymour School District","=""1240011""","Grade   7",7.6
"Seymour School District","=""1240011""","Grade   8",13.3
"Seymour School District","=""1240011""","Grade   9",10.7
"Seymour School District","=""1240011""","Grade 10",8.3
"Seymour School District","=""1240011""","Grade 11",11.5
"Seymour School District","=""1240011""","Grade 12",17.7
"Seymour School District","=""1240011""","Hispanic/Latino of any race",18.2
"Seymour School District","=""1240011""","Male",8.8
"Seymour School District","=""1240011""","Native Hawaiian or Other Pacific Islander","*"
"Seymour School District","=""1240011""","Non-ELL",8.6
"Seymour School District","=""1240011""","Non-Special Education",7.4
"Seymour School District","=""1240011""","Special Education",17.5
"Seymour School District","=""1240011""","Two or More Races",0.0
"Seymour School District","=""1240011""","White",7.1
"Seymour School District","=""1240011""","Eligible For Reduced Lunch",9.9
"Seymour School District","=""1240011""","Not Eligible For Lunch",5.2
"Sharon School District","=""1250011""","Kindergarten","*"
"Sharon School District","=""1250011""","Asian","*"
"Sharon School District","=""1250011""","Black or African American","*"
"Sharon School District","=""1250011""","District",5.1
"Sharon School District","=""1250011""","Eligible For Free Lunch","*"
"Sharon School District","=""1250011""","Female","*"
"Sharon School District","=""1250011""","Grade   1","*"
"Sharon School District","=""1250011""","Grade   2","*"
"Sharon School District","=""1250011""","Grade   3",0.0
"Sharon School District","=""1250011""","Grade   4","*"
"Sharon School District","=""1250011""","Grade   5","*"
"Sharon School District","=""1250011""","Grade   6","*"
"Sharon School District","=""1250011""","Grade   7","*"
"Sharon School District","=""1250011""","Grade   8","*"
"Sharon School District","=""1250011""","Hispanic/Latino of any race","*"
"Sharon School District","=""1250011""","Male",7.8
"Sharon School District","=""1250011""","Non-ELL",5.1
"Sharon School District","=""1250011""","Non-Special Education",5.3
"Sharon School District","=""1250011""","Special Education","*"
"Sharon School District","=""1250011""","Two or More Races","*"
"Sharon School District","=""1250011""","White",5.0
"Sharon School District","=""1250011""","Eligible For Reduced Lunch","*"
"Sharon School District","=""1250011""","Not Eligible For Lunch","*"
"Shelton School District","=""1260011""","Kindergarten",8.4
"Shelton School District","=""1260011""","American Indian or Alaska Native","*"
"Shelton School District","=""1260011""","Asian",8.4
"Shelton School District","=""1260011""","Black or African American",13.2
"Shelton School District","=""1260011""","District",13.4
"Shelton School District","=""1260011""","ELL",13.9
"Shelton School District","=""1260011""","Eligible For Free Lunch",24.6
"Shelton School District","=""1260011""","Female",13.4
"Shelton School District","=""1260011""","Grade   1",7.5
"Shelton School District","=""1260011""","Grade   2",5.8
"Shelton School District","=""1260011""","Grade   3",6.7
"Shelton School District","=""1260011""","Grade   4",4.6
"Shelton School District","=""1260011""","Grade   5",7.8
"Shelton School District","=""1260011""","Grade   6",7.5
"Shelton School District","=""1260011""","Grade   7",10.9
"Shelton School District","=""1260011""","Grade   8",7.9
"Shelton School District","=""1260011""","Grade   9",16.3
"Shelton School District","=""1260011""","Grade 10",21.2
"Shelton School District","=""1260011""","Grade 11",27.6
"Shelton School District","=""1260011""","Grade 12",37.8
"Shelton School District","=""1260011""","Hispanic/Latino of any race",17.8
"Shelton School District","=""1260011""","Male",13.4
"Shelton School District","=""1260011""","Native Hawaiian or Other Pacific Islander","*"
"Shelton School District","=""1260011""","Non-ELL",13.4
"Shelton School District","=""1260011""","Non-Special Education",12.6
"Shelton School District","=""1260011""","Special Education",19.0
"Shelton School District","=""1260011""","Two or More Races",14.9
"Shelton School District","=""1260011""","White",13.1
"Shelton School District","=""1260011""","Eligible For Reduced Lunch",18.9
"Shelton School District","=""1260011""","Not Eligible For Lunch",10.7
"Sherman School District","=""1270011""","Kindergarten","*"
"Sherman School District","=""1270011""","American Indian or Alaska Native","*"
"Sherman School District","=""1270011""","Asian","*"
"Sherman School District","=""1270011""","Black or African American","*"
"Sherman School District","=""1270011""","District",5.8
"Sherman School District","=""1270011""","ELL","*"
"Sherman School District","=""1270011""","Eligible For Free Lunch","*"
"Sherman School District","=""1270011""","Female",4.0
"Sherman School District","=""1270011""","Grade   1","*"
"Sherman School District","=""1270011""","Grade   2","*"
"Sherman School District","=""1270011""","Grade   3","*"
"Sherman School District","=""1270011""","Grade   4","*"
"Sherman School District","=""1270011""","Grade   5","*"
"Sherman School District","=""1270011""","Grade   6","*"
"Sherman School District","=""1270011""","Grade   7",0.0
"Sherman School District","=""1270011""","Grade   8","*"
"Sherman School District","=""1270011""","Grade   9","*"
"Sherman School District","=""1270011""","Grade 10","*"
"Sherman School District","=""1270011""","Grade 12","*"
"Sherman School District","=""1270011""","Hispanic/Latino of any race","*"
"Sherman School District","=""1270011""","Male",7.5
"Sherman School District","=""1270011""","Non-ELL",5.8
"Sherman School District","=""1270011""","Non-Special Education",4.2
"Sherman School District","=""1270011""","Special Education",15.2
"Sherman School District","=""1270011""","Two or More Races","*"
"Sherman School District","=""1270011""","White",5.9
"Sherman School District","=""1270011""","Eligible For Reduced Lunch","*"
"Sherman School District","=""1270011""","Not Eligible For Lunch",5.1
"Side By Side Charter School District","=""2700013""","Kindergarten","*"
"Side By Side Charter School District","=""2700013""","Asian","*"
"Side By Side Charter School District","=""2700013""","Black or African American","*"
"Side By Side Charter School District","=""2700013""","District",4.2
"Side By Side Charter School District","=""2700013""","ELL","*"
"Side By Side Charter School District","=""2700013""","Eligible For Free Lunch","*"
"Side By Side Charter School District","=""2700013""","Female","*"
"Side By Side Charter School District","=""2700013""","Grade   1","*"
"Side By Side Charter School District","=""2700013""","Grade   2","*"
"Side By Side Charter School District","=""2700013""","Grade   3",0.0
"Side By Side Charter School District","=""2700013""","Grade   4","*"
"Side By Side Charter School District","=""2700013""","Grade   5",0.0
"Side By Side Charter School District","=""2700013""","Grade   6",0.0
"Side By Side Charter School District","=""2700013""","Grade   7","*"
"Side By Side Charter School District","=""2700013""","Grade   8","*"
"Side By Side Charter School District","=""2700013""","Hispanic/Latino of any race","*"
"Side By Side Charter School District","=""2700013""","Male","*"
"Side By Side Charter School District","=""2700013""","Non-ELL",4.5
"Side By Side Charter School District","=""2700013""","Non-Special Education",3.5
"Side By Side Charter School District","=""2700013""","Special Education","*"
"Side By Side Charter School District","=""2700013""","Two or More Races","*"
"Side By Side Charter School District","=""2700013""","White","*"
"Side By Side Charter School District","=""2700013""","Eligible For Reduced Lunch","*"
"Side By Side Charter School District","=""2700013""","Not Eligible For Lunch",5.6
"Simsbury School District","=""1280011""","Kindergarten",4.4
"Simsbury School District","=""1280011""","Asian",4.5
"Simsbury School District","=""1280011""","Black or African American",9.9
"Simsbury School District","=""1280011""","District",4.7
"Simsbury School District","=""1280011""","ELL","*"
"Simsbury School District","=""1280011""","Eligible For Free Lunch",13.6
"Simsbury School District","=""1280011""","Female",5.3
"Simsbury School District","=""1280011""","Grade   1","*"
"Simsbury School District","=""1280011""","Grade   2",2.3
"Simsbury School District","=""1280011""","Grade   3",2.0
"Simsbury School District","=""1280011""","Grade   4",2.0
"Simsbury School District","=""1280011""","Grade   5",2.4
"Simsbury School District","=""1280011""","Grade   6","*"
"Simsbury School District","=""1280011""","Grade   7",5.0
"Simsbury School District","=""1280011""","Grade   8",4.9
"Simsbury School District","=""1280011""","Grade   9",4.7
"Simsbury School District","=""1280011""","Grade 10",6.0
"Simsbury School District","=""1280011""","Grade 11",9.9
"Simsbury School District","=""1280011""","Grade 12",11.2
"Simsbury School District","=""1280011""","Hispanic/Latino of any race",4.5
"Simsbury School District","=""1280011""","Male",4.2
"Simsbury School District","=""1280011""","Native Hawaiian or Other Pacific Islander","*"
"Simsbury School District","=""1280011""","Non-ELL",4.7
"Simsbury School District","=""1280011""","Non-Special Education",3.6
"Simsbury School District","=""1280011""","Special Education",12.4
"Simsbury School District","=""1280011""","Two or More Races","*"
"Simsbury School District","=""1280011""","White",4.5
"Simsbury School District","=""1280011""","Eligible For Reduced Lunch","*"
"Simsbury School District","=""1280011""","Not Eligible For Lunch",4.1
"Somers School District","=""1290011""","Kindergarten",7.8
"Somers School District","=""1290011""","American Indian or Alaska Native","*"
"Somers School District","=""1290011""","Asian","*"
"Somers School District","=""1290011""","Black or African American","*"
"Somers School District","=""1290011""","District",10.9
"Somers School District","=""1290011""","ELL","*"
"Somers School District","=""1290011""","Eligible For Free Lunch",21.6
"Somers School District","=""1290011""","Female",13.0
"Somers School District","=""1290011""","Grade   1","*"
"Somers School District","=""1290011""","Grade   2","*"
"Somers School District","=""1290011""","Grade   3","*"
"Somers School District","=""1290011""","Grade   4","*"
"Somers School District","=""1290011""","Grade   5","*"
"Somers School District","=""1290011""","Grade   6",5.9
"Somers School District","=""1290011""","Grade   7",17.7
"Somers School District","=""1290011""","Grade   8",24.3
"Somers School District","=""1290011""","Grade   9",13.4
"Somers School District","=""1290011""","Grade 10",12.4
"Somers School District","=""1290011""","Grade 11",16.8
"Somers School District","=""1290011""","Grade 12",22.4
"Somers School District","=""1290011""","Hispanic/Latino of any race",19.6
"Somers School District","=""1290011""","Male",8.9
"Somers School District","=""1290011""","Native Hawaiian or Other Pacific Islander","*"
"Somers School District","=""1290011""","Non-ELL",10.9
"Somers School District","=""1290011""","Non-Special Education",9.7
"Somers School District","=""1290011""","Special Education",19.7
"Somers School District","=""1290011""","Two or More Races","*"
"Somers School District","=""1290011""","White",10.7
"Somers School District","=""1290011""","Eligible For Reduced Lunch","*"
"Somers School District","=""1290011""","Not Eligible For Lunch",10.1
"South Windsor School District","=""1320011""","Kindergarten",5.6
"South Windsor School District","=""1320011""","American Indian or Alaska Native","*"
"South Windsor School District","=""1320011""","Asian",4.2
"South Windsor School District","=""1320011""","Black or African American",5.9
"South Windsor School District","=""1320011""","District",4.0
"South Windsor School District","=""1320011""","ELL",7.3
"South Windsor School District","=""1320011""","Eligible For Free Lunch",10.7
"South Windsor School District","=""1320011""","Female",4.0
"South Windsor School District","=""1320011""","Grade   1",3.6
"South Windsor School District","=""1320011""","Grade   2","*"
"South Windsor School District","=""1320011""","Grade   3",2.1
"South Windsor School District","=""1320011""","Grade   4",2.3
"South Windsor School District","=""1320011""","Grade   5",2.2
"South Windsor School District","=""1320011""","Grade   6",2.6
"South Windsor School District","=""1320011""","Grade   7",2.5
"South Windsor School District","=""1320011""","Grade   8",4.0
"South Windsor School District","=""1320011""","Grade   9",6.3
"South Windsor School District","=""1320011""","Grade 10",5.4
"South Windsor School District","=""1320011""","Grade 11",6.2
"South Windsor School District","=""1320011""","Grade 12",6.6
"South Windsor School District","=""1320011""","Hispanic/Latino of any race",5.5
"South Windsor School District","=""1320011""","Male",3.9
"South Windsor School District","=""1320011""","Native Hawaiian or Other Pacific Islander","*"
"South Windsor School District","=""1320011""","Non-ELL",3.8
"South Windsor School District","=""1320011""","Non-Special Education",2.6
"South Windsor School District","=""1320011""","Special Education",13.1
"South Windsor School District","=""1320011""","Two or More Races","*"
"South Windsor School District","=""1320011""","White",3.6
"South Windsor School District","=""1320011""","Eligible For Reduced Lunch",6.2
"South Windsor School District","=""1320011""","Not Eligible For Lunch",3.1
"Southington School District","=""1310011""","Kindergarten",3.2
"Southington School District","=""1310011""","American Indian or Alaska Native","*"
"Southington School District","=""1310011""","Asian",5.8
"Southington School District","=""1310011""","Black or African American",16.2
"Southington School District","=""1310011""","District",6.3
"Southington School District","=""1310011""","ELL",5.8
"Southington School District","=""1310011""","Eligible For Free Lunch",18.5
"Southington School District","=""1310011""","Female",6.4
"Southington School District","=""1310011""","Grade   1",3.3
"Southington School District","=""1310011""","Grade   2",3.3
"Southington School District","=""1310011""","Grade   3",4.4
"Southington School District","=""1310011""","Grade   4",5.7
"Southington School District","=""1310011""","Grade   5",2.5
"Southington School District","=""1310011""","Grade   6",5.2
"Southington School District","=""1310011""","Grade   7",5.1
"Southington School District","=""1310011""","Grade   8",7.0
"Southington School District","=""1310011""","Grade   9",8.4
"Southington School District","=""1310011""","Grade 10",9.2
"Southington School District","=""1310011""","Grade 11",8.2
"Southington School District","=""1310011""","Grade 12",15.3
"Southington School District","=""1310011""","Hispanic/Latino of any race",11.8
"Southington School District","=""1310011""","Male",6.2
"Southington School District","=""1310011""","Native Hawaiian or Other Pacific Islander","*"
"Southington School District","=""1310011""","Non-ELL",6.3
"Southington School District","=""1310011""","Non-Special Education",5.5
"Southington School District","=""1310011""","Special Education",12.0
"Southington School District","=""1310011""","Two or More Races",8.6
"Southington School District","=""1310011""","White",5.5
"Southington School District","=""1310011""","Eligible For Reduced Lunch",11.8
"Southington School District","=""1310011""","Not Eligible For Lunch",4.4
"Sprague School District","=""1330011""","Kindergarten","*"
"Sprague School District","=""1330011""","American Indian or Alaska Native","*"
"Sprague School District","=""1330011""","Asian","*"
"Sprague School District","=""1330011""","Black or African American","*"
"Sprague School District","=""1330011""","District",8.3
"Sprague School District","=""1330011""","ELL","*"
"Sprague School District","=""1330011""","Eligible For Free Lunch",13.1
"Sprague School District","=""1330011""","Female",6.2
"Sprague School District","=""1330011""","Grade   1","*"
"Sprague School District","=""1330011""","Grade   2","*"
"Sprague School District","=""1330011""","Grade   3","*"
"Sprague School District","=""1330011""","Grade   4","*"
"Sprague School District","=""1330011""","Grade   5",0.0
"Sprague School District","=""1330011""","Grade   6","*"
"Sprague School District","=""1330011""","Grade   7","*"
"Sprague School District","=""1330011""","Grade   8",14.0
"Sprague School District","=""1330011""","Grade   9","*"
"Sprague School District","=""1330011""","Grade 10","*"
"Sprague School District","=""1330011""","Hispanic/Latino of any race","*"
"Sprague School District","=""1330011""","Male",10.1
"Sprague School District","=""1330011""","Native Hawaiian or Other Pacific Islander","*"
"Sprague School District","=""1330011""","Non-ELL",8.4
"Sprague School District","=""1330011""","Non-Special Education",6.9
"Sprague School District","=""1330011""","Special Education",16.7
"Sprague School District","=""1330011""","Two or More Races","*"
"Sprague School District","=""1330011""","White",7.3
"Sprague School District","=""1330011""","Eligible For Reduced Lunch",0.0
"Sprague School District","=""1330011""","Not Eligible For Lunch",5.0
"Stafford School District","=""1340011""","Kindergarten",10.3
"Stafford School District","=""1340011""","American Indian or Alaska Native","*"
"Stafford School District","=""1340011""","Asian","*"
"Stafford School District","=""1340011""","Black or African American","*"
"Stafford School District","=""1340011""","District",8.0
"Stafford School District","=""1340011""","ELL","*"
"Stafford School District","=""1340011""","Eligible For Free Lunch",14.7
"Stafford School District","=""1340011""","Female",8.2
"Stafford School District","=""1340011""","Grade   1",7.0
"Stafford School District","=""1340011""","Grade   2",7.2
"Stafford School District","=""1340011""","Grade   3","*"
"Stafford School District","=""1340011""","Grade   4",5.2
"Stafford School District","=""1340011""","Grade   5","*"
"Stafford School District","=""1340011""","Grade   6","*"
"Stafford School District","=""1340011""","Grade   7","*"
"Stafford School District","=""1340011""","Grade   8",9.3
"Stafford School District","=""1340011""","Grade   9",12.9
"Stafford School District","=""1340011""","Grade 10",11.7
"Stafford School District","=""1340011""","Grade 11",9.3
"Stafford School District","=""1340011""","Grade 12",15.3
"Stafford School District","=""1340011""","Hispanic/Latino of any race",9.3
"Stafford School District","=""1340011""","Male",7.8
"Stafford School District","=""1340011""","Native Hawaiian or Other Pacific Islander","*"
"Stafford School District","=""1340011""","Non-ELL",8.0
"Stafford School District","=""1340011""","Non-Special Education",7.0
"Stafford School District","=""1340011""","Special Education",14.0
"Stafford School District","=""1340011""","Two or More Races","*"
"Stafford School District","=""1340011""","White",7.8
"Stafford School District","=""1340011""","Eligible For Reduced Lunch",11.2
"Stafford School District","=""1340011""","Not Eligible For Lunch",4.8
"Stamford Academy District","=""2820013""","Black or African American",100.0
"Stamford Academy District","=""2820013""","District",99.3
"Stamford Academy District","=""2820013""","Eligible For Free Lunch",99.3
"Stamford Academy District","=""2820013""","Female",100.0
"Stamford Academy District","=""2820013""","Grade   9",100.0
"Stamford Academy District","=""2820013""","Grade 10",100.0
"Stamford Academy District","=""2820013""","Grade 11",100.0
"Stamford Academy District","=""2820013""","Grade 12",96.8
"Stamford Academy District","=""2820013""","Hispanic/Latino of any race",98.3
"Stamford Academy District","=""2820013""","Male",98.7
"Stamford Academy District","=""2820013""","Non-ELL",99.3
"Stamford Academy District","=""2820013""","Non-Special Education",99.2
"Stamford Academy District","=""2820013""","Special Education",100.0
"Stamford Academy District","=""2820013""","Two or More Races","*"
"Stamford Academy District","=""2820013""","White","*"
"Stamford Academy District","=""2820013""","Eligible For Reduced Lunch","*"
"Stamford Academy District","=""2820013""","Not Eligible For Lunch","*"
"Stamford Charter School for Excellence District","=""2960013""","Kindergarten",12.7
"Stamford Charter School for Excellence District","=""2960013""","Asian","*"
"Stamford Charter School for Excellence District","=""2960013""","Black or African American",10.7
"Stamford Charter School for Excellence District","=""2960013""","District",8.2
"Stamford Charter School for Excellence District","=""2960013""","Eligible For Free Lunch",10.3
"Stamford Charter School for Excellence District","=""2960013""","Female","*"
"Stamford Charter School for Excellence District","=""2960013""","Grade   1","*"
"Stamford Charter School for Excellence District","=""2960013""","Hispanic/Latino of any race","*"
"Stamford Charter School for Excellence District","=""2960013""","Male","*"
"Stamford Charter School for Excellence District","=""2960013""","Non-ELL",8.2
"Stamford Charter School for Excellence District","=""2960013""","Non-Special Education",7.9
"Stamford Charter School for Excellence District","=""2960013""","Special Education","*"
"Stamford Charter School for Excellence District","=""2960013""","Two or More Races","*"
"Stamford Charter School for Excellence District","=""2960013""","White","*"
"Stamford Charter School for Excellence District","=""2960013""","Eligible For Reduced Lunch","*"
"Stamford Charter School for Excellence District","=""2960013""","Not Eligible For Lunch","*"
"Stamford School District","=""1350011""","Kindergarten",11.5
"Stamford School District","=""1350011""","American Indian or Alaska Native","*"
"Stamford School District","=""1350011""","Asian",10.0
"Stamford School District","=""1350011""","Black or African American",14.8
"Stamford School District","=""1350011""","District",11.7
"Stamford School District","=""1350011""","ELL",13.6
"Stamford School District","=""1350011""","Eligible For Free Lunch",15.2
"Stamford School District","=""1350011""","Female",11.9
"Stamford School District","=""1350011""","Grade   1",8.9
"Stamford School District","=""1350011""","Grade   2",5.9
"Stamford School District","=""1350011""","Grade   3",5.5
"Stamford School District","=""1350011""","Grade   4",6.1
"Stamford School District","=""1350011""","Grade   5",6.4
"Stamford School District","=""1350011""","Grade   6",16.6
"Stamford School District","=""1350011""","Grade   7",17.7
"Stamford School District","=""1350011""","Grade   8",22.5
"Stamford School District","=""1350011""","Grade   9",9.7
"Stamford School District","=""1350011""","Grade 10",10.5
"Stamford School District","=""1350011""","Grade 11",12.6
"Stamford School District","=""1350011""","Grade 12",21.4
"Stamford School District","=""1350011""","Hispanic/Latino of any race",13.2
"Stamford School District","=""1350011""","Male",11.5
"Stamford School District","=""1350011""","Native Hawaiian or Other Pacific Islander","*"
"Stamford School District","=""1350011""","Non-ELL",11.4
"Stamford School District","=""1350011""","Non-Special Education",10.5
"Stamford School District","=""1350011""","Special Education",20.5
"Stamford School District","=""1350011""","Two or More Races",13.7
"Stamford School District","=""1350011""","White",8.3
"Stamford School District","=""1350011""","Eligible For Reduced Lunch",10.3
"Stamford School District","=""1350011""","Not Eligible For Lunch",8.6
"State Level","=""0000000""","Kindergarten",9.8
"State Level","=""0000000""","American Indian or Alaska Native",9.7
"State Level","=""0000000""","Asian",5.3
"State Level","=""0000000""","Black or African American",14.5
"State Level","=""0000000""","ELL",14.9
"State Level","=""0000000""","Eligible For Free Lunch",17.7
"State Level","=""0000000""","Female",9.5
"State Level","=""0000000""","Grade   1",7.4
"State Level","=""0000000""","Grade   2",6.2
"State Level","=""0000000""","Grade   3",5.6
"State Level","=""0000000""","Grade   4",5.7
"State Level","=""0000000""","Grade   5",5.9
"State Level","=""0000000""","Grade   6",7.2
"State Level","=""0000000""","Grade   7",8.4
"State Level","=""0000000""","Grade   8",9.9
"State Level","=""0000000""","Grade   9",12.9
"State Level","=""0000000""","Grade 10",13.3
"State Level","=""0000000""","Grade 11",14.1
"State Level","=""0000000""","Grade 12",17.8
"State Level","=""0000000""","Hispanic/Latino of any race",15.7
"State Level","=""0000000""","Male",9.7
"State Level","=""0000000""","Native Hawaiian or Other Pacific Islander",9.0
"State Level","=""0000000""","Non-ELL",9.2
"State Level","=""0000000""","Non-Special Education",8.3
"State Level","=""0000000""","Special Education",18.1
"State Level","=""0000000""","Two or More Races",9.2
"State Level","=""0000000""","White",6.4
"State Level","=""0000000""","Eligible For Reduced Lunch",8.2
"State Level","=""0000000""","Not Eligible For Lunch",5.3
"State Level","=""0000000""","State",9.6
"Sterling School District","=""1360011""","Kindergarten","*"
"Sterling School District","=""1360011""","American Indian or Alaska Native","*"
"Sterling School District","=""1360011""","Asian","*"
"Sterling School District","=""1360011""","Black or African American","*"
"Sterling School District","=""1360011""","District",8.6
"Sterling School District","=""1360011""","Eligible For Free Lunch",19.0
"Sterling School District","=""1360011""","Female",7.4
"Sterling School District","=""1360011""","Grade   1","*"
"Sterling School District","=""1360011""","Grade   2","*"
"Sterling School District","=""1360011""","Grade   3","*"
"Sterling School District","=""1360011""","Grade   4","*"
"Sterling School District","=""1360011""","Grade   5",11.8
"Sterling School District","=""1360011""","Grade   6","*"
"Sterling School District","=""1360011""","Grade   7",9.8
"Sterling School District","=""1360011""","Grade   8",14.0
"Sterling School District","=""1360011""","Grade 10","*"
"Sterling School District","=""1360011""","Grade 12","*"
"Sterling School District","=""1360011""","Hispanic/Latino of any race","*"
"Sterling School District","=""1360011""","Male",9.6
"Sterling School District","=""1360011""","Non-ELL",8.6
"Sterling School District","=""1360011""","Non-Special Education",7.3
"Sterling School District","=""1360011""","Special Education",18.0
"Sterling School District","=""1360011""","Two or More Races","*"
"Sterling School District","=""1360011""","White",8.4
"Sterling School District","=""1360011""","Eligible For Reduced Lunch","*"
"Sterling School District","=""1360011""","Not Eligible For Lunch",4.4
"Stonington School District","=""1370011""","Kindergarten",13.1
"Stonington School District","=""1370011""","American Indian or Alaska Native","*"
"Stonington School District","=""1370011""","Asian",16.1
"Stonington School District","=""1370011""","Black or African American","*"
"Stonington School District","=""1370011""","District",6.3
"Stonington School District","=""1370011""","ELL","*"
"Stonington School District","=""1370011""","Eligible For Free Lunch",15.7
"Stonington School District","=""1370011""","Female",6.4
"Stonington School District","=""1370011""","Grade   1",8.8
"Stonington School District","=""1370011""","Grade   2",7.5
"Stonington School District","=""1370011""","Grade   3",5.4
"Stonington School District","=""1370011""","Grade   4",5.0
"Stonington School District","=""1370011""","Grade   5",5.8
"Stonington School District","=""1370011""","Grade   6",7.5
"Stonington School District","=""1370011""","Grade   7",9.4
"Stonington School District","=""1370011""","Grade   8",7.8
"Stonington School District","=""1370011""","Grade   9",4.6
"Stonington School District","=""1370011""","Grade 10",4.9
"Stonington School District","=""1370011""","Grade 11",3.4
"Stonington School District","=""1370011""","Grade 12","*"
"Stonington School District","=""1370011""","Hispanic/Latino of any race",11.3
"Stonington School District","=""1370011""","Male",6.3
"Stonington School District","=""1370011""","Native Hawaiian or Other Pacific Islander","*"
"Stonington School District","=""1370011""","Non-ELL",6.1
"Stonington School District","=""1370011""","Non-Special Education",5.4
"Stonington School District","=""1370011""","Special Education",11.4
"Stonington School District","=""1370011""","Two or More Races",14.5
"Stonington School District","=""1370011""","White",5.2
"Stonington School District","=""1370011""","Eligible For Reduced Lunch",12.5
"Stonington School District","=""1370011""","Not Eligible For Lunch",4.1
"Stratford School District","=""1380011""","Kindergarten",10.4
"Stratford School District","=""1380011""","American Indian or Alaska Native","*"
"Stratford School District","=""1380011""","Asian",8.6
"Stratford School District","=""1380011""","Black or African American",11.8
"Stratford School District","=""1380011""","District",11.8
"Stratford School District","=""1380011""","ELL",11.4
"Stratford School District","=""1380011""","Eligible For Free Lunch",18.5
"Stratford School District","=""1380011""","Female",12.3
"Stratford School District","=""1380011""","Grade   1",4.0
"Stratford School District","=""1380011""","Grade   2",5.8
"Stratford School District","=""1380011""","Grade   3",5.9
"Stratford School District","=""1380011""","Grade   4",6.6
"Stratford School District","=""1380011""","Grade   5",5.2
"Stratford School District","=""1380011""","Grade   6",7.1
"Stratford School District","=""1380011""","Grade   7",11.0
"Stratford School District","=""1380011""","Grade   8",16.5
"Stratford School District","=""1380011""","Grade   9",17.6
"Stratford School District","=""1380011""","Grade 10",18.2
"Stratford School District","=""1380011""","Grade 11",19.1
"Stratford School District","=""1380011""","Grade 12",24.6
"Stratford School District","=""1380011""","Hispanic/Latino of any race",14.6
"Stratford School District","=""1380011""","Male",11.4
"Stratford School District","=""1380011""","Native Hawaiian or Other Pacific Islander","*"
"Stratford School District","=""1380011""","Non-ELL",11.8
"Stratford School District","=""1380011""","Non-Special Education",10.5
"Stratford School District","=""1380011""","Special Education",20.7
"Stratford School District","=""1380011""","Two or More Races",10.3
"Stratford School District","=""1380011""","White",10.3
"Stratford School District","=""1380011""","Eligible For Reduced Lunch",10.2
"Stratford School District","=""1380011""","Not Eligible For Lunch",8.2
"Suffield School District","=""1390011""","Kindergarten",11.1
"Suffield School District","=""1390011""","American Indian or Alaska Native","*"
"Suffield School District","=""1390011""","Asian","*"
"Suffield School District","=""1390011""","Black or African American",24.2
"Suffield School District","=""1390011""","District",6.1
"Suffield School District","=""1390011""","ELL","*"
"Suffield School District","=""1390011""","Eligible For Free Lunch",21.4
"Suffield School District","=""1390011""","Female",6.1
"Suffield School District","=""1390011""","Grade   1","*"
"Suffield School District","=""1390011""","Grade   2","*"
"Suffield School District","=""1390011""","Grade   3","*"
"Suffield School District","=""1390011""","Grade   4",4.1
"Suffield School District","=""1390011""","Grade   5","*"
"Suffield School District","=""1390011""","Grade   6",3.1
"Suffield School District","=""1390011""","Grade   7",4.9
"Suffield School District","=""1390011""","Grade   8",3.2
"Suffield School District","=""1390011""","Grade   9",7.8
"Suffield School District","=""1390011""","Grade 10",10.1
"Suffield School District","=""1390011""","Grade 11",12.4
"Suffield School District","=""1390011""","Grade 12",9.9
"Suffield School District","=""1390011""","Hispanic/Latino of any race",14.2
"Suffield School District","=""1390011""","Male",6.1
"Suffield School District","=""1390011""","Non-ELL",6.1
"Suffield School District","=""1390011""","Non-Special Education",4.8
"Suffield School District","=""1390011""","Special Education",15.8
"Suffield School District","=""1390011""","Two or More Races",0.0
"Suffield School District","=""1390011""","White",4.7
"Suffield School District","=""1390011""","Eligible For Reduced Lunch","*"
"Suffield School District","=""1390011""","Not Eligible For Lunch",4.3
"The Bridge Academy District","=""2690013""","American Indian or Alaska Native","*"
"The Bridge Academy District","=""2690013""","Asian","*"
"The Bridge Academy District","=""2690013""","Black or African American",8.4
"The Bridge Academy District","=""2690013""","District",8.6
"The Bridge Academy District","=""2690013""","ELL","*"
"The Bridge Academy District","=""2690013""","Eligible For Free Lunch",8.5
"The Bridge Academy District","=""2690013""","Female",9.7
"The Bridge Academy District","=""2690013""","Grade   7","*"
"The Bridge Academy District","=""2690013""","Grade   8","*"
"The Bridge Academy District","=""2690013""","Grade   9",14.3
"The Bridge Academy District","=""2690013""","Grade 10","*"
"The Bridge Academy District","=""2690013""","Grade 11","*"
"The Bridge Academy District","=""2690013""","Grade 12","*"
"The Bridge Academy District","=""2690013""","Hispanic/Latino of any race",9.1
"The Bridge Academy District","=""2690013""","Male",7.3
"The Bridge Academy District","=""2690013""","Native Hawaiian or Other Pacific Islander","*"
"The Bridge Academy District","=""2690013""","Non-ELL",8.0
"The Bridge Academy District","=""2690013""","Non-Special Education",6.7
"The Bridge Academy District","=""2690013""","Special Education",18.6
"The Bridge Academy District","=""2690013""","Two or More Races","*"
"The Bridge Academy District","=""2690013""","White","*"
"The Bridge Academy District","=""2690013""","Eligible For Reduced Lunch","*"
"The Bridge Academy District","=""2690013""","Not Eligible For Lunch","*"
"The Gilbert School District","=""9020022""","American Indian or Alaska Native","*"
"The Gilbert School District","=""9020022""","Asian","*"
"The Gilbert School District","=""9020022""","Black or African American","*"
"The Gilbert School District","=""9020022""","District",4.9
"The Gilbert School District","=""9020022""","ELL","*"
"The Gilbert School District","=""9020022""","Eligible For Free Lunch",8.9
"The Gilbert School District","=""9020022""","Female",4.7
"The Gilbert School District","=""9020022""","Grade   7","*"
"The Gilbert School District","=""9020022""","Grade   8","*"
"The Gilbert School District","=""9020022""","Grade   9",6.0
"The Gilbert School District","=""9020022""","Grade 10","*"
"The Gilbert School District","=""9020022""","Grade 11",5.8
"The Gilbert School District","=""9020022""","Grade 12",7.4
"The Gilbert School District","=""9020022""","Hispanic/Latino of any race",11.3
"The Gilbert School District","=""9020022""","Male",5.1
"The Gilbert School District","=""9020022""","Non-ELL",4.7
"The Gilbert School District","=""9020022""","Non-Special Education",4.1
"The Gilbert School District","=""9020022""","Special Education",9.5
"The Gilbert School District","=""9020022""","Two or More Races","*"
"The Gilbert School District","=""9020022""","White",4.1
"The Gilbert School District","=""9020022""","Eligible For Reduced Lunch",0.0
"The Gilbert School District","=""9020022""","Not Eligible For Lunch",3.4
"Thomaston School District","=""1400011""","Kindergarten","*"
"Thomaston School District","=""1400011""","American Indian or Alaska Native","*"
"Thomaston School District","=""1400011""","Asian","*"
"Thomaston School District","=""1400011""","Black or African American","*"
"Thomaston School District","=""1400011""","District",7.0
"Thomaston School District","=""1400011""","ELL","*"
"Thomaston School District","=""1400011""","Eligible For Free Lunch",18.4
"Thomaston School District","=""1400011""","Female",6.6
"Thomaston School District","=""1400011""","Grade   1","*"
"Thomaston School District","=""1400011""","Grade   2","*"
"Thomaston School District","=""1400011""","Grade   3","*"
"Thomaston School District","=""1400011""","Grade   4","*"
"Thomaston School District","=""1400011""","Grade   5",0.0
"Thomaston School District","=""1400011""","Grade   6",7.6
"Thomaston School District","=""1400011""","Grade   7",5.9
"Thomaston School District","=""1400011""","Grade   8",10.0
"Thomaston School District","=""1400011""","Grade   9","*"
"Thomaston School District","=""1400011""","Grade 10",11.9
"Thomaston School District","=""1400011""","Grade 11",12.3
"Thomaston School District","=""1400011""","Grade 12",15.1
"Thomaston School District","=""1400011""","Hispanic/Latino of any race","*"
"Thomaston School District","=""1400011""","Male",7.5
"Thomaston School District","=""1400011""","Native Hawaiian or Other Pacific Islander","*"
"Thomaston School District","=""1400011""","Non-ELL",6.9
"Thomaston School District","=""1400011""","Non-Special Education",6.4
"Thomaston School District","=""1400011""","Special Education",10.6
"Thomaston School District","=""1400011""","Two or More Races","*"
"Thomaston School District","=""1400011""","White",6.4
"Thomaston School District","=""1400011""","Eligible For Reduced Lunch","*"
"Thomaston School District","=""1400011""","Not Eligible For Lunch",4.7
"Thompson School District","=""1410011""","Kindergarten",0.0
"Thompson School District","=""1410011""","American Indian or Alaska Native","*"
"Thompson School District","=""1410011""","Asian","*"
"Thompson School District","=""1410011""","Black or African American","*"
"Thompson School District","=""1410011""","District",7.7
"Thompson School District","=""1410011""","ELL","*"
"Thompson School District","=""1410011""","Eligible For Free Lunch",9.9
"Thompson School District","=""1410011""","Female",7.2
"Thompson School District","=""1410011""","Grade   1","*"
"Thompson School District","=""1410011""","Grade   2","*"
"Thompson School District","=""1410011""","Grade   3","*"
"Thompson School District","=""1410011""","Grade   4","*"
"Thompson School District","=""1410011""","Grade   5","*"
"Thompson School District","=""1410011""","Grade   6",9.1
"Thompson School District","=""1410011""","Grade   7","*"
"Thompson School District","=""1410011""","Grade   8","*"
"Thompson School District","=""1410011""","Grade   9",16.5
"Thompson School District","=""1410011""","Grade 10",22.9
"Thompson School District","=""1410011""","Grade 11",18.8
"Thompson School District","=""1410011""","Grade 12",16.4
"Thompson School District","=""1410011""","Hispanic/Latino of any race","*"
"Thompson School District","=""1410011""","Male",8.2
"Thompson School District","=""1410011""","Non-ELL",7.8
"Thompson School District","=""1410011""","Non-Special Education",7.2
"Thompson School District","=""1410011""","Special Education",12.1
"Thompson School District","=""1410011""","Two or More Races","*"
"Thompson School District","=""1410011""","White",7.2
"Thompson School District","=""1410011""","Eligible For Reduced Lunch","*"
"Thompson School District","=""1410011""","Not Eligible For Lunch",7.5
"Tolland School District","=""1420011""","Kindergarten",5.2
"Tolland School District","=""1420011""","American Indian or Alaska Native","*"
"Tolland School District","=""1420011""","Asian","*"
"Tolland School District","=""1420011""","Black or African American",12.5
"Tolland School District","=""1420011""","District",4.9
"Tolland School District","=""1420011""","ELL","*"
"Tolland School District","=""1420011""","Eligible For Free Lunch",16.2
"Tolland School District","=""1420011""","Female",5.3
"Tolland School District","=""1420011""","Grade   1",3.8
"Tolland School District","=""1420011""","Grade   2","*"
"Tolland School District","=""1420011""","Grade   3","*"
"Tolland School District","=""1420011""","Grade   4","*"
"Tolland School District","=""1420011""","Grade   5","*"
"Tolland School District","=""1420011""","Grade   6","*"
"Tolland School District","=""1420011""","Grade   7",4.5
"Tolland School District","=""1420011""","Grade   8",5.9
"Tolland School District","=""1420011""","Grade   9",5.5
"Tolland School District","=""1420011""","Grade 10",5.5
"Tolland School District","=""1420011""","Grade 11",9.1
"Tolland School District","=""1420011""","Grade 12",11.7
"Tolland School District","=""1420011""","Hispanic/Latino of any race","*"
"Tolland School District","=""1420011""","Male",4.4
"Tolland School District","=""1420011""","Native Hawaiian or Other Pacific Islander","*"
"Tolland School District","=""1420011""","Non-ELL",4.9
"Tolland School District","=""1420011""","Non-Special Education",3.9
"Tolland School District","=""1420011""","Special Education",12.0
"Tolland School District","=""1420011""","Two or More Races","*"
"Tolland School District","=""1420011""","White",4.8
"Tolland School District","=""1420011""","Eligible For Reduced Lunch",13.3
"Tolland School District","=""1420011""","Not Eligible For Lunch",4.0
"Torrington School District","=""1430011""","Kindergarten",6.3
"Torrington School District","=""1430011""","American Indian or Alaska Native","*"
"Torrington School District","=""1430011""","Asian",5.1
"Torrington School District","=""1430011""","Black or African American",9.3
"Torrington School District","=""1430011""","District",9.8
"Torrington School District","=""1430011""","ELL",3.2
"Torrington School District","=""1430011""","Eligible For Free Lunch",13.4
"Torrington School District","=""1430011""","Female",9.5
"Torrington School District","=""1430011""","Grade   1",4.4
"Torrington School District","=""1430011""","Grade   2",5.1
"Torrington School District","=""1430011""","Grade   3",5.3
"Torrington School District","=""1430011""","Grade   4",4.8
"Torrington School District","=""1430011""","Grade   5",7.0
"Torrington School District","=""1430011""","Grade   6",10.3
"Torrington School District","=""1430011""","Grade   7",14.3
"Torrington School District","=""1430011""","Grade   8",11.3
"Torrington School District","=""1430011""","Grade   9",10.7
"Torrington School District","=""1430011""","Grade 10",16.8
"Torrington School District","=""1430011""","Grade 11",19.0
"Torrington School District","=""1430011""","Grade 12",19.6
"Torrington School District","=""1430011""","Hispanic/Latino of any race",8.9
"Torrington School District","=""1430011""","Male",10.0
"Torrington School District","=""1430011""","Native Hawaiian or Other Pacific Islander","*"
"Torrington School District","=""1430011""","Non-ELL",10.4
"Torrington School District","=""1430011""","Non-Special Education",8.6
"Torrington School District","=""1430011""","Special Education",14.7
"Torrington School District","=""1430011""","Two or More Races",16.7
"Torrington School District","=""1430011""","White",10.0
"Torrington School District","=""1430011""","Eligible For Reduced Lunch",8.6
"Torrington School District","=""1430011""","Not Eligible For Lunch",6.7
"Trailblazers Academy District","=""2780013""","Asian","*"
"Trailblazers Academy District","=""2780013""","Black or African American",20.6
"Trailblazers Academy District","=""2780013""","District",18.6
"Trailblazers Academy District","=""2780013""","ELL","*"
"Trailblazers Academy District","=""2780013""","Eligible For Free Lunch",19.7
"Trailblazers Academy District","=""2780013""","Female",19.7
"Trailblazers Academy District","=""2780013""","Grade   6",11.8
"Trailblazers Academy District","=""2780013""","Grade   7",18.9
"Trailblazers Academy District","=""2780013""","Grade   8",26.8
"Trailblazers Academy District","=""2780013""","Hispanic/Latino of any race",16.7
"Trailblazers Academy District","=""2780013""","Male",17.6
"Trailblazers Academy District","=""2780013""","Non-ELL",18.3
"Trailblazers Academy District","=""2780013""","Non-Special Education",22.8
"Trailblazers Academy District","=""2780013""","Special Education","*"
"Trailblazers Academy District","=""2780013""","Two or More Races","*"
"Trailblazers Academy District","=""2780013""","White","*"
"Trailblazers Academy District","=""2780013""","Eligible For Reduced Lunch","*"
"Trailblazers Academy District","=""2780013""","Not Eligible For Lunch","*"
"Trumbull School District","=""1440011""","Kindergarten",5.3
"Trumbull School District","=""1440011""","American Indian or Alaska Native","*"
"Trumbull School District","=""1440011""","Asian",4.4
"Trumbull School District","=""1440011""","Black or African American",3.6
"Trumbull School District","=""1440011""","District",4.9
"Trumbull School District","=""1440011""","ELL",10.3
"Trumbull School District","=""1440011""","Eligible For Free Lunch",14.2
"Trumbull School District","=""1440011""","Female",4.8
"Trumbull School District","=""1440011""","Grade   1",5.2
"Trumbull School District","=""1440011""","Grade   2",4.0
"Trumbull School District","=""1440011""","Grade   3",1.9
"Trumbull School District","=""1440011""","Grade   4",1.8
"Trumbull School District","=""1440011""","Grade   5",2.6
"Trumbull School District","=""1440011""","Grade   6",6.6
"Trumbull School District","=""1440011""","Grade   7",6.9
"Trumbull School District","=""1440011""","Grade   8",7.3
"Trumbull School District","=""1440011""","Grade   9",2.2
"Trumbull School District","=""1440011""","Grade 10",4.6
"Trumbull School District","=""1440011""","Grade 11",6.4
"Trumbull School District","=""1440011""","Grade 12",8.3
"Trumbull School District","=""1440011""","Hispanic/Latino of any race",6.6
"Trumbull School District","=""1440011""","Male",4.9
"Trumbull School District","=""1440011""","Native Hawaiian or Other Pacific Islander","*"
"Trumbull School District","=""1440011""","Non-ELL",4.7
"Trumbull School District","=""1440011""","Non-Special Education",4.1
"Trumbull School District","=""1440011""","Special Education",11.6
"Trumbull School District","=""1440011""","Two or More Races","*"
"Trumbull School District","=""1440011""","White",4.8
"Trumbull School District","=""1440011""","Eligible For Reduced Lunch",7.4
"Trumbull School District","=""1440011""","Not Eligible For Lunch",4.1
"Unified School District #1","=""3360015""","American Indian or Alaska Native","*"
"Unified School District #1","=""3360015""","Black or African American",33.8
"Unified School District #1","=""3360015""","District",34.3
"Unified School District #1","=""3360015""","Eligible For Free Lunch",34.3
"Unified School District #1","=""3360015""","Female","*"
"Unified School District #1","=""3360015""","Grade   8","*"
"Unified School District #1","=""3360015""","Grade   9",30.3
"Unified School District #1","=""3360015""","Grade 10",39.1
"Unified School District #1","=""3360015""","Grade 11",43.0
"Unified School District #1","=""3360015""","Grade 12",32.9
"Unified School District #1","=""3360015""","Hispanic/Latino of any race",36.5
"Unified School District #1","=""3360015""","Male",34.8
"Unified School District #1","=""3360015""","Non-ELL",34.3
"Unified School District #1","=""3360015""","Non-Special Education",39.2
"Unified School District #1","=""3360015""","Special Education",28.6
"Unified School District #1","=""3360015""","Two or More Races","*"
"Unified School District #1","=""3360015""","White",34.6
"Unified School District #2","=""3470015""","American Indian or Alaska Native","*"
"Unified School District #2","=""3470015""","Asian","*"
"Unified School District #2","=""3470015""","Black or African American","*"
"Unified School District #2","=""3470015""","District",9.1
"Unified School District #2","=""3470015""","Eligible For Free Lunch",7.3
"Unified School District #2","=""3470015""","Female",13.2
"Unified School District #2","=""3470015""","Grade   3","*"
"Unified School District #2","=""3470015""","Grade   6","*"
"Unified School District #2","=""3470015""","Grade   7","*"
"Unified School District #2","=""3470015""","Grade   8",0.0
"Unified School District #2","=""3470015""","Grade   9","*"
"Unified School District #2","=""3470015""","Grade 10","*"
"Unified School District #2","=""3470015""","Grade 11","*"
"Unified School District #2","=""3470015""","Grade 12","*"
"Unified School District #2","=""3470015""","Hispanic/Latino of any race",17.4
"Unified School District #2","=""3470015""","Male",6.9
"Unified School District #2","=""3470015""","Native Hawaiian or Other Pacific Islander","*"
"Unified School District #2","=""3470015""","Non-ELL",9.1
"Unified School District #2","=""3470015""","Non-Special Education","*"
"Unified School District #2","=""3470015""","Special Education",7.7
"Unified School District #2","=""3470015""","Two or More Races","*"
"Unified School District #2","=""3470015""","White","*"
"Unified School District #2","=""3470015""","Not Eligible For Lunch","*"
"Union School District","=""1450011""","Kindergarten","*"
"Union School District","=""1450011""","Asian","*"
"Union School District","=""1450011""","Black or African American","*"
"Union School District","=""1450011""","District","*"
"Union School District","=""1450011""","Eligible For Free Lunch","*"
"Union School District","=""1450011""","Female","*"
"Union School District","=""1450011""","Grade   1","*"
"Union School District","=""1450011""","Grade   2","*"
"Union School District","=""1450011""","Grade   3","*"
"Union School District","=""1450011""","Grade   4","*"
"Union School District","=""1450011""","Grade   5","*"
"Union School District","=""1450011""","Grade   6","*"
"Union School District","=""1450011""","Grade   7","*"
"Union School District","=""1450011""","Grade   8","*"
"Union School District","=""1450011""","Hispanic/Latino of any race","*"
"Union School District","=""1450011""","Male","*"
"Union School District","=""1450011""","Non-ELL","*"
"Union School District","=""1450011""","Non-Special Education","*"
"Union School District","=""1450011""","Special Education","*"
"Union School District","=""1450011""","White","*"
"Union School District","=""1450011""","Not Eligible For Lunch","*"
"Vernon School District","=""1460011""","Kindergarten",8.0
"Vernon School District","=""1460011""","American Indian or Alaska Native","*"
"Vernon School District","=""1460011""","Asian",10.4
"Vernon School District","=""1460011""","Black or African American",11.8
"Vernon School District","=""1460011""","District",10.0
"Vernon School District","=""1460011""","ELL",13.8
"Vernon School District","=""1460011""","Eligible For Free Lunch",15.9
"Vernon School District","=""1460011""","Female",9.7
"Vernon School District","=""1460011""","Grade   1",5.1
"Vernon School District","=""1460011""","Grade   2",7.4
"Vernon School District","=""1460011""","Grade   3",4.0
"Vernon School District","=""1460011""","Grade   4",5.2
"Vernon School District","=""1460011""","Grade   5",6.6
"Vernon School District","=""1460011""","Grade   6",5.1
"Vernon School District","=""1460011""","Grade   7",8.8
"Vernon School District","=""1460011""","Grade   8",11.0
"Vernon School District","=""1460011""","Grade   9",22.3
"Vernon School District","=""1460011""","Grade 10",14.5
"Vernon School District","=""1460011""","Grade 11",16.8
"Vernon School District","=""1460011""","Grade 12",21.2
"Vernon School District","=""1460011""","Hispanic/Latino of any race",14.8
"Vernon School District","=""1460011""","Male",10.4
"Vernon School District","=""1460011""","Native Hawaiian or Other Pacific Islander","*"
"Vernon School District","=""1460011""","Non-ELL",9.9
"Vernon School District","=""1460011""","Non-Special Education",7.9
"Vernon School District","=""1460011""","Special Education",21.2
"Vernon School District","=""1460011""","Two or More Races",12.0
"Vernon School District","=""1460011""","White",8.5
"Vernon School District","=""1460011""","Eligible For Reduced Lunch",13.8
"Vernon School District","=""1460011""","Not Eligible For Lunch",6.0
"Voluntown School District","=""1470011""","Kindergarten","*"
"Voluntown School District","=""1470011""","American Indian or Alaska Native","*"
"Voluntown School District","=""1470011""","Asian","*"
"Voluntown School District","=""1470011""","Black or African American","*"
"Voluntown School District","=""1470011""","District",3.1
"Voluntown School District","=""1470011""","Eligible For Free Lunch",0.0
"Voluntown School District","=""1470011""","Female","*"
"Voluntown School District","=""1470011""","Grade   1",0.0
"Voluntown School District","=""1470011""","Grade   2",0.0
"Voluntown School District","=""1470011""","Grade   3","*"
"Voluntown School District","=""1470011""","Grade   4",0.0
"Voluntown School District","=""1470011""","Grade   5","*"
"Voluntown School District","=""1470011""","Grade   6",0.0
"Voluntown School District","=""1470011""","Grade   7","*"
"Voluntown School District","=""1470011""","Grade   8",0.0
"Voluntown School District","=""1470011""","Grade   9","*"
"Voluntown School District","=""1470011""","Grade 10","*"
"Voluntown School District","=""1470011""","Hispanic/Latino of any race","*"
"Voluntown School District","=""1470011""","Male",4.5
"Voluntown School District","=""1470011""","Non-ELL",3.1
"Voluntown School District","=""1470011""","Non-Special Education","*"
"Voluntown School District","=""1470011""","Special Education","*"
"Voluntown School District","=""1470011""","Two or More Races","*"
"Voluntown School District","=""1470011""","White",3.0
"Voluntown School District","=""1470011""","Eligible For Reduced Lunch","*"
"Voluntown School District","=""1470011""","Not Eligible For Lunch",3.9
"Wallingford School District","=""1480011""","Kindergarten",4.3
"Wallingford School District","=""1480011""","American Indian or Alaska Native","*"
"Wallingford School District","=""1480011""","Asian",3.9
"Wallingford School District","=""1480011""","Black or African American",5.2
"Wallingford School District","=""1480011""","District",5.1
"Wallingford School District","=""1480011""","ELL",7.3
"Wallingford School District","=""1480011""","Eligible For Free Lunch",11.7
"Wallingford School District","=""1480011""","Female",4.9
"Wallingford School District","=""1480011""","Grade   1",3.0
"Wallingford School District","=""1480011""","Grade   2",3.1
"Wallingford School District","=""1480011""","Grade   3",3.1
"Wallingford School District","=""1480011""","Grade   4",2.3
"Wallingford School District","=""1480011""","Grade   5",3.1
"Wallingford School District","=""1480011""","Grade   6",3.6
"Wallingford School District","=""1480011""","Grade   7",4.1
"Wallingford School District","=""1480011""","Grade   8",7.7
"Wallingford School District","=""1480011""","Grade   9",6.1
"Wallingford School District","=""1480011""","Grade 10",7.6
"Wallingford School District","=""1480011""","Grade 11",8.0
"Wallingford School District","=""1480011""","Grade 12",8.5
"Wallingford School District","=""1480011""","Hispanic/Latino of any race",7.3
"Wallingford School District","=""1480011""","Male",5.4
"Wallingford School District","=""1480011""","Native Hawaiian or Other Pacific Islander","*"
"Wallingford School District","=""1480011""","Non-ELL",5.0
"Wallingford School District","=""1480011""","Non-Special Education",3.9
"Wallingford School District","=""1480011""","Special Education",13.9
"Wallingford School District","=""1480011""","Two or More Races","*"
"Wallingford School District","=""1480011""","White",4.7
"Wallingford School District","=""1480011""","Eligible For Reduced Lunch",6.3
"Wallingford School District","=""1480011""","Not Eligible For Lunch",3.8
"Waterbury School District","=""1510011""","Kindergarten",12.5
"Waterbury School District","=""1510011""","American Indian or Alaska Native",6.6
"Waterbury School District","=""1510011""","Asian",9.5
"Waterbury School District","=""1510011""","Black or African American",17.6
"Waterbury School District","=""1510011""","District",16.2
"Waterbury School District","=""1510011""","ELL",19.7
"Waterbury School District","=""1510011""","Eligible For Free Lunch",18.0
"Waterbury School District","=""1510011""","Female",15.0
"Waterbury School District","=""1510011""","Grade   1",10.2
"Waterbury School District","=""1510011""","Grade   2",7.7
"Waterbury School District","=""1510011""","Grade   3",8.0
"Waterbury School District","=""1510011""","Grade   4",7.5
"Waterbury School District","=""1510011""","Grade   5",7.9
"Waterbury School District","=""1510011""","Grade   6",15.2
"Waterbury School District","=""1510011""","Grade   7",18.5
"Waterbury School District","=""1510011""","Grade   8",20.6
"Waterbury School District","=""1510011""","Grade   9",26.5
"Waterbury School District","=""1510011""","Grade 10",29.7
"Waterbury School District","=""1510011""","Grade 11",27.2
"Waterbury School District","=""1510011""","Grade 12",28.9
"Waterbury School District","=""1510011""","Hispanic/Latino of any race",18.0
"Waterbury School District","=""1510011""","Male",17.5
"Waterbury School District","=""1510011""","Native Hawaiian or Other Pacific Islander","*"
"Waterbury School District","=""1510011""","Non-ELL",15.7
"Waterbury School District","=""1510011""","Non-Special Education",13.6
"Waterbury School District","=""1510011""","Special Education",28.3
"Waterbury School District","=""1510011""","Two or More Races",15.6
"Waterbury School District","=""1510011""","White",10.6
"Waterbury School District","=""1510011""","Eligible For Reduced Lunch",6.7
"Waterbury School District","=""1510011""","Not Eligible For Lunch",14.1
"Waterford School District","=""1520011""","Kindergarten","*"
"Waterford School District","=""1520011""","American Indian or Alaska Native","*"
"Waterford School District","=""1520011""","Asian","*"
"Waterford School District","=""1520011""","Black or African American",7.2
"Waterford School District","=""1520011""","District",5.7
"Waterford School District","=""1520011""","ELL","*"
"Waterford School District","=""1520011""","Eligible For Free Lunch",14.0
"Waterford School District","=""1520011""","Female",6.4
"Waterford School District","=""1520011""","Grade   1","*"
"Waterford School District","=""1520011""","Grade   2",4.8
"Waterford School District","=""1520011""","Grade   3",3.6
"Waterford School District","=""1520011""","Grade   4","*"
"Waterford School District","=""1520011""","Grade   5","*"
"Waterford School District","=""1520011""","Grade   6",4.3
"Waterford School District","=""1520011""","Grade   7",4.8
"Waterford School District","=""1520011""","Grade   8",7.9
"Waterford School District","=""1520011""","Grade   9",4.4
"Waterford School District","=""1520011""","Grade 10",11.0
"Waterford School District","=""1520011""","Grade 11",9.3
"Waterford School District","=""1520011""","Grade 12",11.9
"Waterford School District","=""1520011""","Hispanic/Latino of any race",8.8
"Waterford School District","=""1520011""","Male",5.0
"Waterford School District","=""1520011""","Native Hawaiian or Other Pacific Islander","*"
"Waterford School District","=""1520011""","Non-ELL",5.7
"Waterford School District","=""1520011""","Non-Special Education",4.7
"Waterford School District","=""1520011""","Special Education",11.2
"Waterford School District","=""1520011""","Two or More Races","*"
"Waterford School District","=""1520011""","White",5.7
"Waterford School District","=""1520011""","Eligible For Reduced Lunch","*"
"Waterford School District","=""1520011""","Not Eligible For Lunch",4.1
"Watertown School District","=""1530011""","Kindergarten",8.4
"Watertown School District","=""1530011""","American Indian or Alaska Native","*"
"Watertown School District","=""1530011""","Asian","*"
"Watertown School District","=""1530011""","Black or African American",25.0
"Watertown School District","=""1530011""","District",7.8
"Watertown School District","=""1530011""","ELL","*"
"Watertown School District","=""1530011""","Eligible For Free Lunch",16.7
"Watertown School District","=""1530011""","Female",8.4
"Watertown School District","=""1530011""","Grade   1",4.1
"Watertown School District","=""1530011""","Grade   2",4.8
"Watertown School District","=""1530011""","Grade   3",3.9
"Watertown School District","=""1530011""","Grade   4","*"
"Watertown School District","=""1530011""","Grade   5",7.8
"Watertown School District","=""1530011""","Grade   6",3.1
"Watertown School District","=""1530011""","Grade   7",7.8
"Watertown School District","=""1530011""","Grade   8",5.3
"Watertown School District","=""1530011""","Grade   9",8.2
"Watertown School District","=""1530011""","Grade 10",12.0
"Watertown School District","=""1530011""","Grade 11",12.3
"Watertown School District","=""1530011""","Grade 12",21.8
"Watertown School District","=""1530011""","Hispanic/Latino of any race",9.4
"Watertown School District","=""1530011""","Male",7.4
"Watertown School District","=""1530011""","Non-ELL",8.0
"Watertown School District","=""1530011""","Non-Special Education",6.5
"Watertown School District","=""1530011""","Special Education",16.6
"Watertown School District","=""1530011""","Two or More Races",19.3
"Watertown School District","=""1530011""","White",6.9
"Watertown School District","=""1530011""","Eligible For Reduced Lunch",9.5
"Watertown School District","=""1530011""","Not Eligible For Lunch",5.5
"West Hartford School District","=""1550011""","Kindergarten",5.2
"West Hartford School District","=""1550011""","American Indian or Alaska Native","*"
"West Hartford School District","=""1550011""","Asian",5.4
"West Hartford School District","=""1550011""","Black or African American",7.2
"West Hartford School District","=""1550011""","District",5.3
"West Hartford School District","=""1550011""","ELL",8.1
"West Hartford School District","=""1550011""","Eligible For Free Lunch",11.8
"West Hartford School District","=""1550011""","Female",5.5
"West Hartford School District","=""1550011""","Grade   1",5.3
"West Hartford School District","=""1550011""","Grade   2",4.1
"West Hartford School District","=""1550011""","Grade   3",4.3
"West Hartford School District","=""1550011""","Grade   4",3.4
"West Hartford School District","=""1550011""","Grade   5",3.4
"West Hartford School District","=""1550011""","Grade   6",3.1
"West Hartford School District","=""1550011""","Grade   7",5.2
"West Hartford School District","=""1550011""","Grade   8",5.3
"West Hartford School District","=""1550011""","Grade   9",5.5
"West Hartford School District","=""1550011""","Grade 10",7.7
"West Hartford School District","=""1550011""","Grade 11",7.6
"West Hartford School District","=""1550011""","Grade 12",9.2
"West Hartford School District","=""1550011""","Hispanic/Latino of any race",10.6
"West Hartford School District","=""1550011""","Male",5.2
"West Hartford School District","=""1550011""","Native Hawaiian or Other Pacific Islander","*"
"West Hartford School District","=""1550011""","Non-ELL",5.2
"West Hartford School District","=""1550011""","Non-Special Education",4.3
"West Hartford School District","=""1550011""","Special Education",13.1
"West Hartford School District","=""1550011""","Two or More Races",4.7
"West Hartford School District","=""1550011""","White",3.6
"West Hartford School District","=""1550011""","Eligible For Reduced Lunch",5.8
"West Hartford School District","=""1550011""","Not Eligible For Lunch",3.9
"West Haven School District","=""1560011""","Kindergarten",12.9
"West Haven School District","=""1560011""","American Indian or Alaska Native","*"
"West Haven School District","=""1560011""","Asian",3.6
"West Haven School District","=""1560011""","Black or African American",11.3
"West Haven School District","=""1560011""","District",11.4
"West Haven School District","=""1560011""","ELL",7.8
"West Haven School District","=""1560011""","Eligible For Free Lunch",14.6
"West Haven School District","=""1560011""","Female",11.2
"West Haven School District","=""1560011""","Grade   1",8.0
"West Haven School District","=""1560011""","Grade   2",8.6
"West Haven School District","=""1560011""","Grade   3",6.6
"West Haven School District","=""1560011""","Grade   4",6.8
"West Haven School District","=""1560011""","Grade   5",10.3
"West Haven School District","=""1560011""","Grade   6",12.9
"West Haven School District","=""1560011""","Grade   7",13.0
"West Haven School District","=""1560011""","Grade   8",16.2
"West Haven School District","=""1560011""","Grade   9",17.2
"West Haven School District","=""1560011""","Grade 10",16.6
"West Haven School District","=""1560011""","Grade 11",9.9
"West Haven School District","=""1560011""","Grade 12",9.8
"West Haven School District","=""1560011""","Hispanic/Latino of any race",11.8
"West Haven School District","=""1560011""","Male",11.5
"West Haven School District","=""1560011""","Native Hawaiian or Other Pacific Islander","*"
"West Haven School District","=""1560011""","Non-ELL",11.9
"West Haven School District","=""1560011""","Non-Special Education",9.7
"West Haven School District","=""1560011""","Special Education",20.1
"West Haven School District","=""1560011""","Two or More Races",14.7
"West Haven School District","=""1560011""","White",11.6
"West Haven School District","=""1560011""","Eligible For Reduced Lunch",10.4
"West Haven School District","=""1560011""","Not Eligible For Lunch",6.5
"Westbrook School District","=""1540011""","Kindergarten","*"
"Westbrook School District","=""1540011""","American Indian or Alaska Native","*"
"Westbrook School District","=""1540011""","Asian","*"
"Westbrook School District","=""1540011""","Black or African American","*"
"Westbrook School District","=""1540011""","District",4.4
"Westbrook School District","=""1540011""","ELL",11.8
"Westbrook School District","=""1540011""","Eligible For Free Lunch",7.3
"Westbrook School District","=""1540011""","Female",5.0
"Westbrook School District","=""1540011""","Grade   1","*"
"Westbrook School District","=""1540011""","Grade   2","*"
"Westbrook School District","=""1540011""","Grade   3",0.0
"Westbrook School District","=""1540011""","Grade   4","*"
"Westbrook School District","=""1540011""","Grade   5",0.0
"Westbrook School District","=""1540011""","Grade   6",0.0
"Westbrook School District","=""1540011""","Grade   7","*"
"Westbrook School District","=""1540011""","Grade   8","*"
"Westbrook School District","=""1540011""","Grade   9",0.0
"Westbrook School District","=""1540011""","Grade 10",6.5
"Westbrook School District","=""1540011""","Grade 11",11.7
"Westbrook School District","=""1540011""","Grade 12",12.3
"Westbrook School District","=""1540011""","Hispanic/Latino of any race",5.8
"Westbrook School District","=""1540011""","Male",3.9
"Westbrook School District","=""1540011""","Non-ELL",3.9
"Westbrook School District","=""1540011""","Non-Special Education",3.3
"Westbrook School District","=""1540011""","Special Education",11.0
"Westbrook School District","=""1540011""","Two or More Races","*"
"Westbrook School District","=""1540011""","White",3.8
"Westbrook School District","=""1540011""","Eligible For Reduced Lunch","*"
"Westbrook School District","=""1540011""","Not Eligible For Lunch",3.7
"Weston School District","=""1570011""","Kindergarten",7.7
"Weston School District","=""1570011""","American Indian or Alaska Native","*"
"Weston School District","=""1570011""","Asian","*"
"Weston School District","=""1570011""","Black or African American","*"
"Weston School District","=""1570011""","District",4.1
"Weston School District","=""1570011""","ELL","*"
"Weston School District","=""1570011""","Eligible For Free Lunch","*"
"Weston School District","=""1570011""","Female",4.5
"Weston School District","=""1570011""","Grade   1","*"
"Weston School District","=""1570011""","Grade   2","*"
"Weston School District","=""1570011""","Grade   3","*"
"Weston School District","=""1570011""","Grade   4","*"
"Weston School District","=""1570011""","Grade   5",4.3
"Weston School District","=""1570011""","Grade   6",3.1
"Weston School District","=""1570011""","Grade   7",3.9
"Weston School District","=""1570011""","Grade   8",3.8
"Weston School District","=""1570011""","Grade   9",4.1
"Weston School District","=""1570011""","Grade 10",6.7
"Weston School District","=""1570011""","Grade 11",2.9
"Weston School District","=""1570011""","Grade 12",7.2
"Weston School District","=""1570011""","Hispanic/Latino of any race","*"
"Weston School District","=""1570011""","Male",3.7
"Weston School District","=""1570011""","Native Hawaiian or Other Pacific Islander","*"
"Weston School District","=""1570011""","Non-ELL",4.0
"Weston School District","=""1570011""","Non-Special Education",3.7
"Weston School District","=""1570011""","Special Education",7.6
"Weston School District","=""1570011""","Two or More Races","*"
"Weston School District","=""1570011""","White",4.3
"Weston School District","=""1570011""","Eligible For Reduced Lunch","*"
"Weston School District","=""1570011""","Not Eligible For Lunch",4.0
"Westport School District","=""1580011""","Kindergarten",2.2
"Westport School District","=""1580011""","American Indian or Alaska Native","*"
"Westport School District","=""1580011""","Asian",1.7
"Westport School District","=""1580011""","Black or African American","*"
"Westport School District","=""1580011""","District",2.5
"Westport School District","=""1580011""","ELL","*"
"Westport School District","=""1580011""","Eligible For Free Lunch",12.1
"Westport School District","=""1580011""","Female",2.4
"Westport School District","=""1580011""","Grade   1",2.2
"Westport School District","=""1580011""","Grade   2",1.7
"Westport School District","=""1580011""","Grade   3",1.4
"Westport School District","=""1580011""","Grade   4",2.1
"Westport School District","=""1580011""","Grade   5",1.5
"Westport School District","=""1580011""","Grade   6",3.6
"Westport School District","=""1580011""","Grade   7",4.7
"Westport School District","=""1580011""","Grade   8",3.5
"Westport School District","=""1580011""","Grade   9",2.0
"Westport School District","=""1580011""","Grade 10",1.7
"Westport School District","=""1580011""","Grade 11",3.7
"Westport School District","=""1580011""","Grade 12",1.4
"Westport School District","=""1580011""","Hispanic/Latino of any race",5.5
"Westport School District","=""1580011""","Male",2.5
"Westport School District","=""1580011""","Native Hawaiian or Other Pacific Islander","*"
"Westport School District","=""1580011""","Non-ELL",2.4
"Westport School District","=""1580011""","Non-Special Education",2.0
"Westport School District","=""1580011""","Special Education",6.4
"Westport School District","=""1580011""","Two or More Races","*"
"Westport School District","=""1580011""","White",2.4
"Westport School District","=""1580011""","Eligible For Reduced Lunch",0.0
"Westport School District","=""1580011""","Not Eligible For Lunch",2.2
"Wethersfield School District","=""1590011""","Kindergarten",3.3
"Wethersfield School District","=""1590011""","American Indian or Alaska Native","*"
"Wethersfield School District","=""1590011""","Asian","*"
"Wethersfield School District","=""1590011""","Black or African American",7.1
"Wethersfield School District","=""1590011""","District",3.8
"Wethersfield School District","=""1590011""","ELL",6.5
"Wethersfield School District","=""1590011""","Eligible For Free Lunch",11.5
"Wethersfield School District","=""1590011""","Female",4.5
"Wethersfield School District","=""1590011""","Grade   1",3.0
"Wethersfield School District","=""1590011""","Grade   2","*"
"Wethersfield School District","=""1590011""","Grade   3","*"
"Wethersfield School District","=""1590011""","Grade   4",3.8
"Wethersfield School District","=""1590011""","Grade   5","*"
"Wethersfield School District","=""1590011""","Grade   6",3.1
"Wethersfield School District","=""1590011""","Grade   7",3.3
"Wethersfield School District","=""1590011""","Grade   8",3.2
"Wethersfield School District","=""1590011""","Grade   9",4.9
"Wethersfield School District","=""1590011""","Grade 10",8.2
"Wethersfield School District","=""1590011""","Grade 11",5.3
"Wethersfield School District","=""1590011""","Grade 12",7.0
"Wethersfield School District","=""1590011""","Hispanic/Latino of any race",8.0
"Wethersfield School District","=""1590011""","Male",3.2
"Wethersfield School District","=""1590011""","Native Hawaiian or Other Pacific Islander","*"
"Wethersfield School District","=""1590011""","Non-ELL",3.6
"Wethersfield School District","=""1590011""","Non-Special Education",3.1
"Wethersfield School District","=""1590011""","Special Education",8.5
"Wethersfield School District","=""1590011""","Two or More Races","*"
"Wethersfield School District","=""1590011""","White",2.9
"Wethersfield School District","=""1590011""","Eligible For Reduced Lunch","*"
"Wethersfield School District","=""1590011""","Not Eligible For Lunch",2.5
"Willington School District","=""1600011""","Kindergarten","*"
"Willington School District","=""1600011""","Asian","*"
"Willington School District","=""1600011""","Black or African American","*"
"Willington School District","=""1600011""","District",4.3
"Willington School District","=""1600011""","ELL","*"
"Willington School District","=""1600011""","Eligible For Free Lunch",9.1
"Willington School District","=""1600011""","Female",5.0
"Willington School District","=""1600011""","Grade   1",0.0
"Willington School District","=""1600011""","Grade   2",0.0
"Willington School District","=""1600011""","Grade   3",0.0
"Willington School District","=""1600011""","Grade   4","*"
"Willington School District","=""1600011""","Grade   5","*"
"Willington School District","=""1600011""","Grade   6","*"
"Willington School District","=""1600011""","Grade   7","*"
"Willington School District","=""1600011""","Grade   8",10.9
"Willington School District","=""1600011""","Hispanic/Latino of any race","*"
"Willington School District","=""1600011""","Male",3.7
"Willington School District","=""1600011""","Non-ELL",4.3
"Willington School District","=""1600011""","Non-Special Education",4.0
"Willington School District","=""1600011""","Special Education","*"
"Willington School District","=""1600011""","Two or More Races","*"
"Willington School District","=""1600011""","White",4.4
"Willington School District","=""1600011""","Eligible For Reduced Lunch",0.0
"Willington School District","=""1600011""","Not Eligible For Lunch",3.4
"Wilton School District","=""1610011""","Kindergarten","*"
"Wilton School District","=""1610011""","American Indian or Alaska Native","*"
"Wilton School District","=""1610011""","Asian",2.6
"Wilton School District","=""1610011""","Black or African American","*"
"Wilton School District","=""1610011""","District",4.5
"Wilton School District","=""1610011""","ELL",0.0
"Wilton School District","=""1610011""","Eligible For Free Lunch",12.7
"Wilton School District","=""1610011""","Female",4.9
"Wilton School District","=""1610011""","Grade   1","*"
"Wilton School District","=""1610011""","Grade   2","*"
"Wilton School District","=""1610011""","Grade   3","*"
"Wilton School District","=""1610011""","Grade   4","*"
"Wilton School District","=""1610011""","Grade   5","*"
"Wilton School District","=""1610011""","Grade   6",2.5
"Wilton School District","=""1610011""","Grade   7",1.7
"Wilton School District","=""1610011""","Grade   8",3.2
"Wilton School District","=""1610011""","Grade   9",1.8
"Wilton School District","=""1610011""","Grade 10",3.5
"Wilton School District","=""1610011""","Grade 11",10.0
"Wilton School District","=""1610011""","Grade 12",22.5
"Wilton School District","=""1610011""","Hispanic/Latino of any race",6.4
"Wilton School District","=""1610011""","Male",4.0
"Wilton School District","=""1610011""","Native Hawaiian or Other Pacific Islander","*"
"Wilton School District","=""1610011""","Non-ELL",4.5
"Wilton School District","=""1610011""","Non-Special Education",3.7
"Wilton School District","=""1610011""","Special Education",9.8
"Wilton School District","=""1610011""","Two or More Races","*"
"Wilton School District","=""1610011""","White",4.6
"Wilton School District","=""1610011""","Eligible For Reduced Lunch","*"
"Wilton School District","=""1610011""","Not Eligible For Lunch",4.4
"Winchester School District","=""1620011""","Kindergarten",14.1
"Winchester School District","=""1620011""","American Indian or Alaska Native","*"
"Winchester School District","=""1620011""","Asian","*"
"Winchester School District","=""1620011""","Black or African American","*"
"Winchester School District","=""1620011""","District",7.4
"Winchester School District","=""1620011""","ELL","*"
"Winchester School District","=""1620011""","Eligible For Free Lunch",11.5
"Winchester School District","=""1620011""","Female",5.8
"Winchester School District","=""1620011""","Grade   1",10.3
"Winchester School District","=""1620011""","Grade   2","*"
"Winchester School District","=""1620011""","Grade   3","*"
"Winchester School District","=""1620011""","Grade   4","*"
"Winchester School District","=""1620011""","Grade   5",7.6
"Winchester School District","=""1620011""","Grade   6",0.0
"Winchester School District","=""1620011""","Grade   8","*"
"Winchester School District","=""1620011""","Grade   9","*"
"Winchester School District","=""1620011""","Grade 10","*"
"Winchester School District","=""1620011""","Grade 11","*"
"Winchester School District","=""1620011""","Grade 12","*"
"Winchester School District","=""1620011""","Hispanic/Latino of any race",10.8
"Winchester School District","=""1620011""","Male",8.8
"Winchester School District","=""1620011""","Non-ELL",7.4
"Winchester School District","=""1620011""","Non-Special Education",4.7
"Winchester School District","=""1620011""","Special Education",17.2
"Winchester School District","=""1620011""","Two or More Races","*"
"Winchester School District","=""1620011""","White",5.7
"Winchester School District","=""1620011""","Eligible For Reduced Lunch",0.0
"Winchester School District","=""1620011""","Not Eligible For Lunch",4.6
"Windham School District","=""1630011""","Kindergarten",16.9
"Windham School District","=""1630011""","American Indian or Alaska Native","*"
"Windham School District","=""1630011""","Asian",0.0
"Windham School District","=""1630011""","Black or African American",16.8
"Windham School District","=""1630011""","District",16.1
"Windham School District","=""1630011""","ELL",20.1
"Windham School District","=""1630011""","Eligible For Free Lunch",19.1
"Windham School District","=""1630011""","Female",16.2
"Windham School District","=""1630011""","Grade   1",15.1
"Windham School District","=""1630011""","Grade   2",9.1
"Windham School District","=""1630011""","Grade   3",11.6
"Windham School District","=""1630011""","Grade   4",7.5
"Windham School District","=""1630011""","Grade   5",9.8
"Windham School District","=""1630011""","Grade   6",12.9
"Windham School District","=""1630011""","Grade   7",11.3
"Windham School District","=""1630011""","Grade   8",17.2
"Windham School District","=""1630011""","Grade   9",41.3
"Windham School District","=""1630011""","Grade 10",23.4
"Windham School District","=""1630011""","Grade 11",33.3
"Windham School District","=""1630011""","Grade 12",28.6
"Windham School District","=""1630011""","Hispanic/Latino of any race",18.9
"Windham School District","=""1630011""","Male",16.1
"Windham School District","=""1630011""","Native Hawaiian or Other Pacific Islander","*"
"Windham School District","=""1630011""","Non-ELL",14.6
"Windham School District","=""1630011""","Non-Special Education",14.1
"Windham School District","=""1630011""","Special Education",25.3
"Windham School District","=""1630011""","Two or More Races","*"
"Windham School District","=""1630011""","White",10.4
"Windham School District","=""1630011""","Eligible For Reduced Lunch",7.9
"Windham School District","=""1630011""","Not Eligible For Lunch",6.6
"Windsor Locks School District","=""1650011""","Kindergarten",8.3
"Windsor Locks School District","=""1650011""","American Indian or Alaska Native","*"
"Windsor Locks School District","=""1650011""","Asian",6.8
"Windsor Locks School District","=""1650011""","Black or African American",22.4
"Windsor Locks School District","=""1650011""","District",12.2
"Windsor Locks School District","=""1650011""","ELL",12.2
"Windsor Locks School District","=""1650011""","Eligible For Free Lunch",20.7
"Windsor Locks School District","=""1650011""","Female",11.7
"Windsor Locks School District","=""1650011""","Grade   1",11.9
"Windsor Locks School District","=""1650011""","Grade   2","*"
"Windsor Locks School District","=""1650011""","Grade   3",8.8
"Windsor Locks School District","=""1650011""","Grade   4",5.1
"Windsor Locks School District","=""1650011""","Grade   5",4.7
"Windsor Locks School District","=""1650011""","Grade   6","*"
"Windsor Locks School District","=""1650011""","Grade   7",17.3
"Windsor Locks School District","=""1650011""","Grade   8",10.6
"Windsor Locks School District","=""1650011""","Grade   9",19.3
"Windsor Locks School District","=""1650011""","Grade 10",18.3
"Windsor Locks School District","=""1650011""","Grade 11",16.8
"Windsor Locks School District","=""1650011""","Grade 12",26.4
"Windsor Locks School District","=""1650011""","Hispanic/Latino of any race",16.8
"Windsor Locks School District","=""1650011""","Male",12.7
"Windsor Locks School District","=""1650011""","Native Hawaiian or Other Pacific Islander","*"
"Windsor Locks School District","=""1650011""","Non-ELL",12.2
"Windsor Locks School District","=""1650011""","Non-Special Education",11.0
"Windsor Locks School District","=""1650011""","Special Education",19.6
"Windsor Locks School District","=""1650011""","Two or More Races","*"
"Windsor Locks School District","=""1650011""","White",10.9
"Windsor Locks School District","=""1650011""","Eligible For Reduced Lunch",9.8
"Windsor Locks School District","=""1650011""","Not Eligible For Lunch",7.0
"Windsor School District","=""1640011""","Kindergarten",8.7
"Windsor School District","=""1640011""","American Indian or Alaska Native","*"
"Windsor School District","=""1640011""","Asian",6.6
"Windsor School District","=""1640011""","Black or African American",10.3
"Windsor School District","=""1640011""","District",8.7
"Windsor School District","=""1640011""","ELL",10.9
"Windsor School District","=""1640011""","Eligible For Free Lunch",15.6
"Windsor School District","=""1640011""","Female",8.5
"Windsor School District","=""1640011""","Grade   1",6.5
"Windsor School District","=""1640011""","Grade   2",5.4
"Windsor School District","=""1640011""","Grade   3",2.4
"Windsor School District","=""1640011""","Grade   4",2.8
"Windsor School District","=""1640011""","Grade   5",5.9
"Windsor School District","=""1640011""","Grade   6",4.6
"Windsor School District","=""1640011""","Grade   7",8.3
"Windsor School District","=""1640011""","Grade   8",11.0
"Windsor School District","=""1640011""","Grade   9",12.9
"Windsor School District","=""1640011""","Grade 10",11.9
"Windsor School District","=""1640011""","Grade 11",15.3
"Windsor School District","=""1640011""","Grade 12",12.8
"Windsor School District","=""1640011""","Hispanic/Latino of any race",8.4
"Windsor School District","=""1640011""","Male",8.9
"Windsor School District","=""1640011""","Native Hawaiian or Other Pacific Islander","*"
"Windsor School District","=""1640011""","Non-ELL",8.6
"Windsor School District","=""1640011""","Non-Special Education",6.6
"Windsor School District","=""1640011""","Special Education",18.9
"Windsor School District","=""1640011""","Two or More Races",4.0
"Windsor School District","=""1640011""","White",7.5
"Windsor School District","=""1640011""","Eligible For Reduced Lunch",7.9
"Windsor School District","=""1640011""","Not Eligible For Lunch",5.6
"Wolcott School District","=""1660011""","Kindergarten","*"
"Wolcott School District","=""1660011""","American Indian or Alaska Native","*"
"Wolcott School District","=""1660011""","Asian",0.0
"Wolcott School District","=""1660011""","Black or African American","*"
"Wolcott School District","=""1660011""","District",3.2
"Wolcott School District","=""1660011""","ELL","*"
"Wolcott School District","=""1660011""","Eligible For Free Lunch",9.2
"Wolcott School District","=""1660011""","Female",2.5
"Wolcott School District","=""1660011""","Grade   1","*"
"Wolcott School District","=""1660011""","Grade   2",0.0
"Wolcott School District","=""1660011""","Grade   3","*"
"Wolcott School District","=""1660011""","Grade   4","*"
"Wolcott School District","=""1660011""","Grade   5",3.3
"Wolcott School District","=""1660011""","Grade   6","*"
"Wolcott School District","=""1660011""","Grade   7","*"
"Wolcott School District","=""1660011""","Grade   8","*"
"Wolcott School District","=""1660011""","Grade   9","*"
"Wolcott School District","=""1660011""","Grade 10",5.3
"Wolcott School District","=""1660011""","Grade 11",10.8
"Wolcott School District","=""1660011""","Grade 12",8.2
"Wolcott School District","=""1660011""","Hispanic/Latino of any race",9.7
"Wolcott School District","=""1660011""","Male",3.8
"Wolcott School District","=""1660011""","Non-ELL",3.2
"Wolcott School District","=""1660011""","Non-Special Education",2.4
"Wolcott School District","=""1660011""","Special Education",8.5
"Wolcott School District","=""1660011""","Two or More Races","*"
"Wolcott School District","=""1660011""","White",2.8
"Wolcott School District","=""1660011""","Eligible For Reduced Lunch",9.4
"Wolcott School District","=""1660011""","Not Eligible For Lunch",1.4
"Woodbridge School District","=""1670011""","Kindergarten","*"
"Woodbridge School District","=""1670011""","American Indian or Alaska Native","*"
"Woodbridge School District","=""1670011""","Asian","*"
"Woodbridge School District","=""1670011""","Black or African American","*"
"Woodbridge School District","=""1670011""","District",4.6
"Woodbridge School District","=""1670011""","ELL","*"
"Woodbridge School District","=""1670011""","Eligible For Free Lunch",10.7
"Woodbridge School District","=""1670011""","Female",3.9
"Woodbridge School District","=""1670011""","Grade   1","*"
"Woodbridge School District","=""1670011""","Grade   2",6.2
"Woodbridge School District","=""1670011""","Grade   3","*"
"Woodbridge School District","=""1670011""","Grade   4",8.7
"Woodbridge School District","=""1670011""","Grade   5",7.1
"Woodbridge School District","=""1670011""","Grade   6","*"
"Woodbridge School District","=""1670011""","Hispanic/Latino of any race","*"
"Woodbridge School District","=""1670011""","Male",5.4
"Woodbridge School District","=""1670011""","Native Hawaiian or Other Pacific Islander","*"
"Woodbridge School District","=""1670011""","Non-ELL",4.7
"Woodbridge School District","=""1670011""","Non-Special Education",4.3
"Woodbridge School District","=""1670011""","Special Education",7.3
"Woodbridge School District","=""1670011""","Two or More Races","*"
"Woodbridge School District","=""1670011""","White",4.9
"Woodbridge School District","=""1670011""","Eligible For Reduced Lunch","*"
"Woodbridge School District","=""1670011""","Not Eligible For Lunch",4.1
"Woodstock Academy District","=""9030022""","American Indian or Alaska Native","*"
"Woodstock Academy District","=""9030022""","Asian","*"
"Woodstock Academy District","=""9030022""","Black or African American","*"
"Woodstock Academy District","=""9030022""","District",6.3
"Woodstock Academy District","=""9030022""","ELL","*"
"Woodstock Academy District","=""9030022""","Eligible For Free Lunch","*"
"Woodstock Academy District","=""9030022""","Female",6.7
"Woodstock Academy District","=""9030022""","Grade   9",2.8
"Woodstock Academy District","=""9030022""","Grade 10",5.7
"Woodstock Academy District","=""9030022""","Grade 11",6.5
"Woodstock Academy District","=""9030022""","Grade 12",10.8
"Woodstock Academy District","=""9030022""","Hispanic/Latino of any race","*"
"Woodstock Academy District","=""9030022""","Male",5.9
"Woodstock Academy District","=""9030022""","Non-ELL",6.3
"Woodstock Academy District","=""9030022""","Non-Special Education",6.0
"Woodstock Academy District","=""9030022""","Special Education",12.5
"Woodstock Academy District","=""9030022""","Two or More Races","*"
"Woodstock Academy District","=""9030022""","White",6.7
"Woodstock Academy District","=""9030022""","Eligible For Reduced Lunch","*"
"Woodstock Academy District","=""9030022""","Not Eligible For Lunch",6.1
"Woodstock School District","=""1690011""","Kindergarten","*"
"Woodstock School District","=""1690011""","Asian","*"
"Woodstock School District","=""1690011""","Black or African American","*"
"Woodstock School District","=""1690011""","District",2.2
"Woodstock School District","=""1690011""","ELL","*"
"Woodstock School District","=""1690011""","Eligible For Free Lunch","*"
"Woodstock School District","=""1690011""","Female",2.1
"Woodstock School District","=""1690011""","Grade   1","*"
"Woodstock School District","=""1690011""","Grade   2","*"
"Woodstock School District","=""1690011""","Grade   3","*"
"Woodstock School District","=""1690011""","Grade   4","*"
"Woodstock School District","=""1690011""","Grade   5","*"
"Woodstock School District","=""1690011""","Grade   6","*"
"Woodstock School District","=""1690011""","Grade   7","*"
"Woodstock School District","=""1690011""","Grade   8","*"
"Woodstock School District","=""1690011""","Grade   9","*"
"Woodstock School District","=""1690011""","Grade 11","*"
"Woodstock School District","=""1690011""","Hispanic/Latino of any race",0.0
"Woodstock School District","=""1690011""","Male",2.2
"Woodstock School District","=""1690011""","Non-ELL",2.2
"Woodstock School District","=""1690011""","Non-Special Education",1.6
"Woodstock School District","=""1690011""","Special Education",6.3
"Woodstock School District","=""1690011""","Two or More Races","*"
"Woodstock School District","=""1690011""","White",2.1
"Woodstock School District","=""1690011""","Eligible For Reduced Lunch","*"
"Woodstock School District","=""1690011""","Not Eligible For Lunch",1.8

