"FTE Staffing Report for 2015-16"

"District","Assignment Category","Educator Type","FTE Count"
"State of Connecticut","Administrators  Coordinators and Department Chairs - District Central Office","Certified",980.7
,="Administrators  Coordinators and Department Chairs - School Level",="Certified",2635.5
,="Counselors  Social Workers  and School Psychologists",="Certified",3347.7
,="General Education - Teachers and Instructors",="Certified",35991.1
,="Instructional Specialists Who Support Teachers",="Certified",2245.8
,="Library/Media - Specialists (Certified)",="Certified",738.3
,="Special Education - Teachers and Instructors",="Certified",5895.8

